uuid;id;name;day;start_hour;end_hour;visits
091b8fd0-a5b1-4c59-acb2-40759e131801;3;Albacenter;2023-11-27;10:00:00;11:00:00;1091
091b8fd0-a5b1-4c59-acb2-40759e131801;3;Albacenter;2023-11-27;11:00:00;12:00:00;1192
091b8fd0-a5b1-4c59-acb2-40759e131801;3;Albacenter;2023-11-27;12:00:00;13:00:00;1343
091b8fd0-a5b1-4c59-acb2-40759e131801;3;Albacenter;2023-11-27;13:00:00;14:00:00;1388
091b8fd0-a5b1-4c59-acb2-40759e131801;3;Albacenter;2023-11-27;14:00:00;15:00:00;1440
091b8fd0-a5b1-4c59-acb2-40759e131801;3;Albacenter;2023-11-27;15:00:00;16:00:00;1247
091b8fd0-a5b1-4c59-acb2-40759e131801;3;Albacenter;2023-11-27;16:00:00;17:00:00;1252
091b8fd0-a5b1-4c59-acb2-40759e131801;3;Albacenter;2023-11-27;17:00:00;18:00:00;1454
091b8fd0-a5b1-4c59-acb2-40759e131801;3;Albacenter;2023-11-27;18:00:00;19:00:00;1598
091b8fd0-a5b1-4c59-acb2-40759e131801;3;Albacenter;2023-11-27;19:00:00;20:00:00;1757
091b8fd0-a5b1-4c59-acb2-40759e131801;3;Albacenter;2023-11-27;20:00:00;21:00:00;1668
091b8fd0-a5b1-4c59-acb2-40759e131801;3;Albacenter;2023-11-27;21:00:00;22:00:00;1469
091b8fd0-a5b1-4c59-acb2-40759e131801;3;Albacenter;2023-11-28;10:00:00;11:00:00;1107
091b8fd0-a5b1-4c59-acb2-40759e131801;3;Albacenter;2023-11-28;11:00:00;12:00:00;1217
091b8fd0-a5b1-4c59-acb2-40759e131801;3;Albacenter;2023-11-28;12:00:00;13:00:00;1206
091b8fd0-a5b1-4c59-acb2-40759e131801;3;Albacenter;2023-11-28;13:00:00;14:00:00;1366
091b8fd0-a5b1-4c59-acb2-40759e131801;3;Albacenter;2023-11-28;14:00:00;15:00:00;1414
091b8fd0-a5b1-4c59-acb2-40759e131801;3;Albacenter;2023-11-28;15:00:00;16:00:00;1303
091b8fd0-a5b1-4c59-acb2-40759e131801;3;Albacenter;2023-11-28;16:00:00;17:00:00;1186
091b8fd0-a5b1-4c59-acb2-40759e131801;3;Albacenter;2023-11-28;17:00:00;18:00:00;1295
091b8fd0-a5b1-4c59-acb2-40759e131801;3;Albacenter;2023-11-28;18:00:00;19:00:00;1377
091b8fd0-a5b1-4c59-acb2-40759e131801;3;Albacenter;2023-11-28;19:00:00;20:00:00;1523
091b8fd0-a5b1-4c59-acb2-40759e131801;3;Albacenter;2023-11-28;20:00:00;21:00:00;1341
091b8fd0-a5b1-4c59-acb2-40759e131801;3;Albacenter;2023-11-28;21:00:00;22:00:00;1410
091b8fd0-a5b1-4c59-acb2-40759e131801;3;Albacenter;2023-11-29;10:00:00;11:00:00;1096
091b8fd0-a5b1-4c59-acb2-40759e131801;3;Albacenter;2023-11-29;11:00:00;12:00:00;1258
091b8fd0-a5b1-4c59-acb2-40759e131801;3;Albacenter;2023-11-29;12:00:00;13:00:00;1240
091b8fd0-a5b1-4c59-acb2-40759e131801;3;Albacenter;2023-11-29;13:00:00;14:00:00;1156
091b8fd0-a5b1-4c59-acb2-40759e131801;3;Albacenter;2023-11-29;14:00:00;15:00:00;1244
091b8fd0-a5b1-4c59-acb2-40759e131801;3;Albacenter;2023-11-29;15:00:00;16:00:00;1272
091b8fd0-a5b1-4c59-acb2-40759e131801;3;Albacenter;2023-11-29;16:00:00;17:00:00;1261
091b8fd0-a5b1-4c59-acb2-40759e131801;3;Albacenter;2023-11-29;17:00:00;18:00:00;1260
091b8fd0-a5b1-4c59-acb2-40759e131801;3;Albacenter;2023-11-29;18:00:00;19:00:00;1488
091b8fd0-a5b1-4c59-acb2-40759e131801;3;Albacenter;2023-11-29;19:00:00;20:00:00;1453
091b8fd0-a5b1-4c59-acb2-40759e131801;3;Albacenter;2023-11-29;20:00:00;21:00:00;1389
091b8fd0-a5b1-4c59-acb2-40759e131801;3;Albacenter;2023-11-29;21:00:00;22:00:00;1394
091b8fd0-a5b1-4c59-acb2-40759e131801;3;Albacenter;2023-11-30;10:00:00;11:00:00;923
091b8fd0-a5b1-4c59-acb2-40759e131801;3;Albacenter;2023-11-30;11:00:00;12:00:00;1141
091b8fd0-a5b1-4c59-acb2-40759e131801;3;Albacenter;2023-11-30;12:00:00;13:00:00;1362
091b8fd0-a5b1-4c59-acb2-40759e131801;3;Albacenter;2023-11-30;13:00:00;14:00:00;1438
091b8fd0-a5b1-4c59-acb2-40759e131801;3;Albacenter;2023-11-30;14:00:00;15:00:00;1330
091b8fd0-a5b1-4c59-acb2-40759e131801;3;Albacenter;2023-11-30;15:00:00;16:00:00;1286
091b8fd0-a5b1-4c59-acb2-40759e131801;3;Albacenter;2023-11-30;16:00:00;17:00:00;1229
091b8fd0-a5b1-4c59-acb2-40759e131801;3;Albacenter;2023-11-30;17:00:00;18:00:00;1362
091b8fd0-a5b1-4c59-acb2-40759e131801;3;Albacenter;2023-11-30;18:00:00;19:00:00;1432
091b8fd0-a5b1-4c59-acb2-40759e131801;3;Albacenter;2023-11-30;19:00:00;20:00:00;1693
091b8fd0-a5b1-4c59-acb2-40759e131801;3;Albacenter;2023-11-30;20:00:00;21:00:00;1397
091b8fd0-a5b1-4c59-acb2-40759e131801;3;Albacenter;2023-11-30;21:00:00;22:00:00;1228
091b8fd0-a5b1-4c59-acb2-40759e131801;3;Albacenter;2023-12-01;10:00:00;11:00:00;1102
091b8fd0-a5b1-4c59-acb2-40759e131801;3;Albacenter;2023-12-01;11:00:00;12:00:00;1169
091b8fd0-a5b1-4c59-acb2-40759e131801;3;Albacenter;2023-12-01;12:00:00;13:00:00;1230
091b8fd0-a5b1-4c59-acb2-40759e131801;3;Albacenter;2023-12-01;13:00:00;14:00:00;1314
091b8fd0-a5b1-4c59-acb2-40759e131801;3;Albacenter;2023-12-01;14:00:00;15:00:00;1522
091b8fd0-a5b1-4c59-acb2-40759e131801;3;Albacenter;2023-12-01;15:00:00;16:00:00;1369
091b8fd0-a5b1-4c59-acb2-40759e131801;3;Albacenter;2023-12-01;16:00:00;17:00:00;1460
091b8fd0-a5b1-4c59-acb2-40759e131801;3;Albacenter;2023-12-01;17:00:00;18:00:00;1483
091b8fd0-a5b1-4c59-acb2-40759e131801;3;Albacenter;2023-12-01;18:00:00;19:00:00;1760
091b8fd0-a5b1-4c59-acb2-40759e131801;3;Albacenter;2023-12-01;19:00:00;20:00:00;1733
091b8fd0-a5b1-4c59-acb2-40759e131801;3;Albacenter;2023-12-01;20:00:00;21:00:00;1439
091b8fd0-a5b1-4c59-acb2-40759e131801;3;Albacenter;2023-12-01;21:00:00;22:00:00;1188
091b8fd0-a5b1-4c59-acb2-40759e131801;3;Albacenter;2023-12-02;10:00:00;11:00:00;1144
091b8fd0-a5b1-4c59-acb2-40759e131801;3;Albacenter;2023-12-02;11:00:00;12:00:00;1488
091b8fd0-a5b1-4c59-acb2-40759e131801;3;Albacenter;2023-12-02;12:00:00;13:00:00;1940
091b8fd0-a5b1-4c59-acb2-40759e131801;3;Albacenter;2023-12-02;13:00:00;14:00:00;1926
091b8fd0-a5b1-4c59-acb2-40759e131801;3;Albacenter;2023-12-02;14:00:00;15:00:00;1684
091b8fd0-a5b1-4c59-acb2-40759e131801;3;Albacenter;2023-12-02;15:00:00;16:00:00;1412
091b8fd0-a5b1-4c59-acb2-40759e131801;3;Albacenter;2023-12-02;16:00:00;17:00:00;1481
091b8fd0-a5b1-4c59-acb2-40759e131801;3;Albacenter;2023-12-02;17:00:00;18:00:00;1791
091b8fd0-a5b1-4c59-acb2-40759e131801;3;Albacenter;2023-12-02;18:00:00;19:00:00;2031
091b8fd0-a5b1-4c59-acb2-40759e131801;3;Albacenter;2023-12-02;19:00:00;20:00:00;1911
091b8fd0-a5b1-4c59-acb2-40759e131801;3;Albacenter;2023-12-02;20:00:00;21:00:00;1613
091b8fd0-a5b1-4c59-acb2-40759e131801;3;Albacenter;2023-12-02;21:00:00;22:00:00;1258
091b8fd0-a5b1-4c59-acb2-40759e131801;3;Albacenter;2023-12-03;10:00:00;11:00:00;0
091b8fd0-a5b1-4c59-acb2-40759e131801;3;Albacenter;2023-12-03;11:00:00;12:00:00;0
091b8fd0-a5b1-4c59-acb2-40759e131801;3;Albacenter;2023-12-03;12:00:00;13:00:00;0
091b8fd0-a5b1-4c59-acb2-40759e131801;3;Albacenter;2023-12-03;13:00:00;14:00:00;0
091b8fd0-a5b1-4c59-acb2-40759e131801;3;Albacenter;2023-12-03;14:00:00;15:00:00;0
091b8fd0-a5b1-4c59-acb2-40759e131801;3;Albacenter;2023-12-03;15:00:00;16:00:00;0
091b8fd0-a5b1-4c59-acb2-40759e131801;3;Albacenter;2023-12-03;16:00:00;17:00:00;0
091b8fd0-a5b1-4c59-acb2-40759e131801;3;Albacenter;2023-12-03;17:00:00;18:00:00;0
091b8fd0-a5b1-4c59-acb2-40759e131801;3;Albacenter;2023-12-03;18:00:00;19:00:00;0
091b8fd0-a5b1-4c59-acb2-40759e131801;3;Albacenter;2023-12-03;19:00:00;20:00:00;0
091b8fd0-a5b1-4c59-acb2-40759e131801;3;Albacenter;2023-12-03;20:00:00;21:00:00;0
091b8fd0-a5b1-4c59-acb2-40759e131801;3;Albacenter;2023-12-03;21:00:00;22:00:00;0
69dda3aa-efa6-4149-9481-3e1260141dc2;5;Alegra - Parque Comercial y de Ocio;2023-11-27;10:00:00;11:00:00;315
69dda3aa-efa6-4149-9481-3e1260141dc2;5;Alegra - Parque Comercial y de Ocio;2023-11-27;11:00:00;12:00:00;526
69dda3aa-efa6-4149-9481-3e1260141dc2;5;Alegra - Parque Comercial y de Ocio;2023-11-27;12:00:00;13:00:00;563
69dda3aa-efa6-4149-9481-3e1260141dc2;5;Alegra - Parque Comercial y de Ocio;2023-11-27;13:00:00;14:00:00;686
69dda3aa-efa6-4149-9481-3e1260141dc2;5;Alegra - Parque Comercial y de Ocio;2023-11-27;14:00:00;15:00:00;714
69dda3aa-efa6-4149-9481-3e1260141dc2;5;Alegra - Parque Comercial y de Ocio;2023-11-27;15:00:00;16:00:00;728
69dda3aa-efa6-4149-9481-3e1260141dc2;5;Alegra - Parque Comercial y de Ocio;2023-11-27;16:00:00;17:00:00;699
69dda3aa-efa6-4149-9481-3e1260141dc2;5;Alegra - Parque Comercial y de Ocio;2023-11-27;17:00:00;18:00:00;647
69dda3aa-efa6-4149-9481-3e1260141dc2;5;Alegra - Parque Comercial y de Ocio;2023-11-27;18:00:00;19:00:00;692
69dda3aa-efa6-4149-9481-3e1260141dc2;5;Alegra - Parque Comercial y de Ocio;2023-11-27;19:00:00;20:00:00;602
69dda3aa-efa6-4149-9481-3e1260141dc2;5;Alegra - Parque Comercial y de Ocio;2023-11-27;20:00:00;21:00:00;649
69dda3aa-efa6-4149-9481-3e1260141dc2;5;Alegra - Parque Comercial y de Ocio;2023-11-27;21:00:00;22:00:00;1048
69dda3aa-efa6-4149-9481-3e1260141dc2;5;Alegra - Parque Comercial y de Ocio;2023-11-28;10:00:00;11:00:00;326
69dda3aa-efa6-4149-9481-3e1260141dc2;5;Alegra - Parque Comercial y de Ocio;2023-11-28;11:00:00;12:00:00;600
69dda3aa-efa6-4149-9481-3e1260141dc2;5;Alegra - Parque Comercial y de Ocio;2023-11-28;12:00:00;13:00:00;606
69dda3aa-efa6-4149-9481-3e1260141dc2;5;Alegra - Parque Comercial y de Ocio;2023-11-28;13:00:00;14:00:00;751
69dda3aa-efa6-4149-9481-3e1260141dc2;5;Alegra - Parque Comercial y de Ocio;2023-11-28;14:00:00;15:00:00;770
69dda3aa-efa6-4149-9481-3e1260141dc2;5;Alegra - Parque Comercial y de Ocio;2023-11-28;15:00:00;16:00:00;785
69dda3aa-efa6-4149-9481-3e1260141dc2;5;Alegra - Parque Comercial y de Ocio;2023-11-28;16:00:00;17:00:00;752
69dda3aa-efa6-4149-9481-3e1260141dc2;5;Alegra - Parque Comercial y de Ocio;2023-11-28;17:00:00;18:00:00;665
69dda3aa-efa6-4149-9481-3e1260141dc2;5;Alegra - Parque Comercial y de Ocio;2023-11-28;18:00:00;19:00:00;670
69dda3aa-efa6-4149-9481-3e1260141dc2;5;Alegra - Parque Comercial y de Ocio;2023-11-28;19:00:00;20:00:00;563
69dda3aa-efa6-4149-9481-3e1260141dc2;5;Alegra - Parque Comercial y de Ocio;2023-11-28;20:00:00;21:00:00;644
69dda3aa-efa6-4149-9481-3e1260141dc2;5;Alegra - Parque Comercial y de Ocio;2023-11-28;21:00:00;22:00:00;1084
69dda3aa-efa6-4149-9481-3e1260141dc2;5;Alegra - Parque Comercial y de Ocio;2023-11-29;10:00:00;11:00:00;306
69dda3aa-efa6-4149-9481-3e1260141dc2;5;Alegra - Parque Comercial y de Ocio;2023-11-29;11:00:00;12:00:00;519
69dda3aa-efa6-4149-9481-3e1260141dc2;5;Alegra - Parque Comercial y de Ocio;2023-11-29;12:00:00;13:00:00;534
69dda3aa-efa6-4149-9481-3e1260141dc2;5;Alegra - Parque Comercial y de Ocio;2023-11-29;13:00:00;14:00:00;637
69dda3aa-efa6-4149-9481-3e1260141dc2;5;Alegra - Parque Comercial y de Ocio;2023-11-29;14:00:00;15:00:00;722
69dda3aa-efa6-4149-9481-3e1260141dc2;5;Alegra - Parque Comercial y de Ocio;2023-11-29;15:00:00;16:00:00;676
69dda3aa-efa6-4149-9481-3e1260141dc2;5;Alegra - Parque Comercial y de Ocio;2023-11-29;16:00:00;17:00:00;686
69dda3aa-efa6-4149-9481-3e1260141dc2;5;Alegra - Parque Comercial y de Ocio;2023-11-29;17:00:00;18:00:00;616
69dda3aa-efa6-4149-9481-3e1260141dc2;5;Alegra - Parque Comercial y de Ocio;2023-11-29;18:00:00;19:00:00;673
69dda3aa-efa6-4149-9481-3e1260141dc2;5;Alegra - Parque Comercial y de Ocio;2023-11-29;19:00:00;20:00:00;543
69dda3aa-efa6-4149-9481-3e1260141dc2;5;Alegra - Parque Comercial y de Ocio;2023-11-29;20:00:00;21:00:00;664
69dda3aa-efa6-4149-9481-3e1260141dc2;5;Alegra - Parque Comercial y de Ocio;2023-11-29;21:00:00;22:00:00;1112
69dda3aa-efa6-4149-9481-3e1260141dc2;5;Alegra - Parque Comercial y de Ocio;2023-11-30;10:00:00;11:00:00;409
69dda3aa-efa6-4149-9481-3e1260141dc2;5;Alegra - Parque Comercial y de Ocio;2023-11-30;11:00:00;12:00:00;756
69dda3aa-efa6-4149-9481-3e1260141dc2;5;Alegra - Parque Comercial y de Ocio;2023-11-30;12:00:00;13:00:00;785
69dda3aa-efa6-4149-9481-3e1260141dc2;5;Alegra - Parque Comercial y de Ocio;2023-11-30;13:00:00;14:00:00;946
69dda3aa-efa6-4149-9481-3e1260141dc2;5;Alegra - Parque Comercial y de Ocio;2023-11-30;14:00:00;15:00:00;950
69dda3aa-efa6-4149-9481-3e1260141dc2;5;Alegra - Parque Comercial y de Ocio;2023-11-30;15:00:00;16:00:00;984
69dda3aa-efa6-4149-9481-3e1260141dc2;5;Alegra - Parque Comercial y de Ocio;2023-11-30;16:00:00;17:00:00;954
69dda3aa-efa6-4149-9481-3e1260141dc2;5;Alegra - Parque Comercial y de Ocio;2023-11-30;17:00:00;18:00:00;886
69dda3aa-efa6-4149-9481-3e1260141dc2;5;Alegra - Parque Comercial y de Ocio;2023-11-30;18:00:00;19:00:00;914
69dda3aa-efa6-4149-9481-3e1260141dc2;5;Alegra - Parque Comercial y de Ocio;2023-11-30;19:00:00;20:00:00;867
69dda3aa-efa6-4149-9481-3e1260141dc2;5;Alegra - Parque Comercial y de Ocio;2023-11-30;20:00:00;21:00:00;991
69dda3aa-efa6-4149-9481-3e1260141dc2;5;Alegra - Parque Comercial y de Ocio;2023-11-30;21:00:00;22:00:00;1350
69dda3aa-efa6-4149-9481-3e1260141dc2;5;Alegra - Parque Comercial y de Ocio;2023-12-01;10:00:00;11:00:00;303
69dda3aa-efa6-4149-9481-3e1260141dc2;5;Alegra - Parque Comercial y de Ocio;2023-12-01;11:00:00;12:00:00;531
69dda3aa-efa6-4149-9481-3e1260141dc2;5;Alegra - Parque Comercial y de Ocio;2023-12-01;12:00:00;13:00:00;543
69dda3aa-efa6-4149-9481-3e1260141dc2;5;Alegra - Parque Comercial y de Ocio;2023-12-01;13:00:00;14:00:00;656
69dda3aa-efa6-4149-9481-3e1260141dc2;5;Alegra - Parque Comercial y de Ocio;2023-12-01;14:00:00;15:00:00;734
69dda3aa-efa6-4149-9481-3e1260141dc2;5;Alegra - Parque Comercial y de Ocio;2023-12-01;15:00:00;16:00:00;742
69dda3aa-efa6-4149-9481-3e1260141dc2;5;Alegra - Parque Comercial y de Ocio;2023-12-01;16:00:00;17:00:00;786
69dda3aa-efa6-4149-9481-3e1260141dc2;5;Alegra - Parque Comercial y de Ocio;2023-12-01;17:00:00;18:00:00;778
69dda3aa-efa6-4149-9481-3e1260141dc2;5;Alegra - Parque Comercial y de Ocio;2023-12-01;18:00:00;19:00:00;801
69dda3aa-efa6-4149-9481-3e1260141dc2;5;Alegra - Parque Comercial y de Ocio;2023-12-01;19:00:00;20:00:00;750
69dda3aa-efa6-4149-9481-3e1260141dc2;5;Alegra - Parque Comercial y de Ocio;2023-12-01;20:00:00;21:00:00;682
69dda3aa-efa6-4149-9481-3e1260141dc2;5;Alegra - Parque Comercial y de Ocio;2023-12-01;21:00:00;22:00:00;1216
69dda3aa-efa6-4149-9481-3e1260141dc2;5;Alegra - Parque Comercial y de Ocio;2023-12-02;10:00:00;11:00:00;306
69dda3aa-efa6-4149-9481-3e1260141dc2;5;Alegra - Parque Comercial y de Ocio;2023-12-02;11:00:00;12:00:00;686
69dda3aa-efa6-4149-9481-3e1260141dc2;5;Alegra - Parque Comercial y de Ocio;2023-12-02;12:00:00;13:00:00;829
69dda3aa-efa6-4149-9481-3e1260141dc2;5;Alegra - Parque Comercial y de Ocio;2023-12-02;13:00:00;14:00:00;1096
69dda3aa-efa6-4149-9481-3e1260141dc2;5;Alegra - Parque Comercial y de Ocio;2023-12-02;14:00:00;15:00:00;1059
69dda3aa-efa6-4149-9481-3e1260141dc2;5;Alegra - Parque Comercial y de Ocio;2023-12-02;15:00:00;16:00:00;1020
69dda3aa-efa6-4149-9481-3e1260141dc2;5;Alegra - Parque Comercial y de Ocio;2023-12-02;16:00:00;17:00:00;1119
69dda3aa-efa6-4149-9481-3e1260141dc2;5;Alegra - Parque Comercial y de Ocio;2023-12-02;17:00:00;18:00:00;999
69dda3aa-efa6-4149-9481-3e1260141dc2;5;Alegra - Parque Comercial y de Ocio;2023-12-02;18:00:00;19:00:00;1079
69dda3aa-efa6-4149-9481-3e1260141dc2;5;Alegra - Parque Comercial y de Ocio;2023-12-02;19:00:00;20:00:00;1007
69dda3aa-efa6-4149-9481-3e1260141dc2;5;Alegra - Parque Comercial y de Ocio;2023-12-02;20:00:00;21:00:00;1045
69dda3aa-efa6-4149-9481-3e1260141dc2;5;Alegra - Parque Comercial y de Ocio;2023-12-02;21:00:00;22:00:00;1460
69dda3aa-efa6-4149-9481-3e1260141dc2;5;Alegra - Parque Comercial y de Ocio;2023-12-03;10:00:00;11:00:00;288
69dda3aa-efa6-4149-9481-3e1260141dc2;5;Alegra - Parque Comercial y de Ocio;2023-12-03;11:00:00;12:00:00;710
69dda3aa-efa6-4149-9481-3e1260141dc2;5;Alegra - Parque Comercial y de Ocio;2023-12-03;12:00:00;13:00:00;945
69dda3aa-efa6-4149-9481-3e1260141dc2;5;Alegra - Parque Comercial y de Ocio;2023-12-03;13:00:00;14:00:00;1267
69dda3aa-efa6-4149-9481-3e1260141dc2;5;Alegra - Parque Comercial y de Ocio;2023-12-03;14:00:00;15:00:00;1187
69dda3aa-efa6-4149-9481-3e1260141dc2;5;Alegra - Parque Comercial y de Ocio;2023-12-03;15:00:00;16:00:00;1122
69dda3aa-efa6-4149-9481-3e1260141dc2;5;Alegra - Parque Comercial y de Ocio;2023-12-03;16:00:00;17:00:00;1200
69dda3aa-efa6-4149-9481-3e1260141dc2;5;Alegra - Parque Comercial y de Ocio;2023-12-03;17:00:00;18:00:00;1029
69dda3aa-efa6-4149-9481-3e1260141dc2;5;Alegra - Parque Comercial y de Ocio;2023-12-03;18:00:00;19:00:00;934
69dda3aa-efa6-4149-9481-3e1260141dc2;5;Alegra - Parque Comercial y de Ocio;2023-12-03;19:00:00;20:00:00;798
69dda3aa-efa6-4149-9481-3e1260141dc2;5;Alegra - Parque Comercial y de Ocio;2023-12-03;20:00:00;21:00:00;816
69dda3aa-efa6-4149-9481-3e1260141dc2;5;Alegra - Parque Comercial y de Ocio;2023-12-03;21:00:00;22:00:00;1120
91e8cf7c-ece3-4e27-9eed-4a146790bbb7;6;Almazara Plaza;2023-11-27;10:00:00;11:00:00;368
91e8cf7c-ece3-4e27-9eed-4a146790bbb7;6;Almazara Plaza;2023-11-27;11:00:00;12:00:00;410
91e8cf7c-ece3-4e27-9eed-4a146790bbb7;6;Almazara Plaza;2023-11-27;12:00:00;13:00:00;431
91e8cf7c-ece3-4e27-9eed-4a146790bbb7;6;Almazara Plaza;2023-11-27;13:00:00;14:00:00;349
91e8cf7c-ece3-4e27-9eed-4a146790bbb7;6;Almazara Plaza;2023-11-27;14:00:00;15:00:00;253
91e8cf7c-ece3-4e27-9eed-4a146790bbb7;6;Almazara Plaza;2023-11-27;15:00:00;16:00:00;319
91e8cf7c-ece3-4e27-9eed-4a146790bbb7;6;Almazara Plaza;2023-11-27;16:00:00;17:00:00;225
91e8cf7c-ece3-4e27-9eed-4a146790bbb7;6;Almazara Plaza;2023-11-27;17:00:00;18:00:00;338
91e8cf7c-ece3-4e27-9eed-4a146790bbb7;6;Almazara Plaza;2023-11-27;18:00:00;19:00:00;327
91e8cf7c-ece3-4e27-9eed-4a146790bbb7;6;Almazara Plaza;2023-11-27;19:00:00;20:00:00;290
91e8cf7c-ece3-4e27-9eed-4a146790bbb7;6;Almazara Plaza;2023-11-27;20:00:00;21:00:00;243
91e8cf7c-ece3-4e27-9eed-4a146790bbb7;6;Almazara Plaza;2023-11-27;21:00:00;22:00:00;140
91e8cf7c-ece3-4e27-9eed-4a146790bbb7;6;Almazara Plaza;2023-11-28;10:00:00;11:00:00;336
91e8cf7c-ece3-4e27-9eed-4a146790bbb7;6;Almazara Plaza;2023-11-28;11:00:00;12:00:00;413
91e8cf7c-ece3-4e27-9eed-4a146790bbb7;6;Almazara Plaza;2023-11-28;12:00:00;13:00:00;401
91e8cf7c-ece3-4e27-9eed-4a146790bbb7;6;Almazara Plaza;2023-11-28;13:00:00;14:00:00;470
91e8cf7c-ece3-4e27-9eed-4a146790bbb7;6;Almazara Plaza;2023-11-28;14:00:00;15:00:00;211
91e8cf7c-ece3-4e27-9eed-4a146790bbb7;6;Almazara Plaza;2023-11-28;15:00:00;16:00:00;206
91e8cf7c-ece3-4e27-9eed-4a146790bbb7;6;Almazara Plaza;2023-11-28;16:00:00;17:00:00;241
91e8cf7c-ece3-4e27-9eed-4a146790bbb7;6;Almazara Plaza;2023-11-28;17:00:00;18:00:00;294
91e8cf7c-ece3-4e27-9eed-4a146790bbb7;6;Almazara Plaza;2023-11-28;18:00:00;19:00:00;381
91e8cf7c-ece3-4e27-9eed-4a146790bbb7;6;Almazara Plaza;2023-11-28;19:00:00;20:00:00;261
91e8cf7c-ece3-4e27-9eed-4a146790bbb7;6;Almazara Plaza;2023-11-28;20:00:00;21:00:00;252
91e8cf7c-ece3-4e27-9eed-4a146790bbb7;6;Almazara Plaza;2023-11-28;21:00:00;22:00:00;206
91e8cf7c-ece3-4e27-9eed-4a146790bbb7;6;Almazara Plaza;2023-11-29;10:00:00;11:00:00;404
91e8cf7c-ece3-4e27-9eed-4a146790bbb7;6;Almazara Plaza;2023-11-29;11:00:00;12:00:00;505
91e8cf7c-ece3-4e27-9eed-4a146790bbb7;6;Almazara Plaza;2023-11-29;12:00:00;13:00:00;572
91e8cf7c-ece3-4e27-9eed-4a146790bbb7;6;Almazara Plaza;2023-11-29;13:00:00;14:00:00;460
91e8cf7c-ece3-4e27-9eed-4a146790bbb7;6;Almazara Plaza;2023-11-29;14:00:00;15:00:00;247
91e8cf7c-ece3-4e27-9eed-4a146790bbb7;6;Almazara Plaza;2023-11-29;15:00:00;16:00:00;240
91e8cf7c-ece3-4e27-9eed-4a146790bbb7;6;Almazara Plaza;2023-11-29;16:00:00;17:00:00;237
91e8cf7c-ece3-4e27-9eed-4a146790bbb7;6;Almazara Plaza;2023-11-29;17:00:00;18:00:00;261
91e8cf7c-ece3-4e27-9eed-4a146790bbb7;6;Almazara Plaza;2023-11-29;18:00:00;19:00:00;369
91e8cf7c-ece3-4e27-9eed-4a146790bbb7;6;Almazara Plaza;2023-11-29;19:00:00;20:00:00;289
91e8cf7c-ece3-4e27-9eed-4a146790bbb7;6;Almazara Plaza;2023-11-29;20:00:00;21:00:00;320
91e8cf7c-ece3-4e27-9eed-4a146790bbb7;6;Almazara Plaza;2023-11-29;21:00:00;22:00:00;259
91e8cf7c-ece3-4e27-9eed-4a146790bbb7;6;Almazara Plaza;2023-11-30;10:00:00;11:00:00;390
91e8cf7c-ece3-4e27-9eed-4a146790bbb7;6;Almazara Plaza;2023-11-30;11:00:00;12:00:00;488
91e8cf7c-ece3-4e27-9eed-4a146790bbb7;6;Almazara Plaza;2023-11-30;12:00:00;13:00:00;470
91e8cf7c-ece3-4e27-9eed-4a146790bbb7;6;Almazara Plaza;2023-11-30;13:00:00;14:00:00;460
91e8cf7c-ece3-4e27-9eed-4a146790bbb7;6;Almazara Plaza;2023-11-30;14:00:00;15:00:00;237
91e8cf7c-ece3-4e27-9eed-4a146790bbb7;6;Almazara Plaza;2023-11-30;15:00:00;16:00:00;283
91e8cf7c-ece3-4e27-9eed-4a146790bbb7;6;Almazara Plaza;2023-11-30;16:00:00;17:00:00;265
91e8cf7c-ece3-4e27-9eed-4a146790bbb7;6;Almazara Plaza;2023-11-30;17:00:00;18:00:00;453
91e8cf7c-ece3-4e27-9eed-4a146790bbb7;6;Almazara Plaza;2023-11-30;18:00:00;19:00:00;440
91e8cf7c-ece3-4e27-9eed-4a146790bbb7;6;Almazara Plaza;2023-11-30;19:00:00;20:00:00;340
91e8cf7c-ece3-4e27-9eed-4a146790bbb7;6;Almazara Plaza;2023-11-30;20:00:00;21:00:00;237
91e8cf7c-ece3-4e27-9eed-4a146790bbb7;6;Almazara Plaza;2023-11-30;21:00:00;22:00:00;176
91e8cf7c-ece3-4e27-9eed-4a146790bbb7;6;Almazara Plaza;2023-12-01;10:00:00;11:00:00;399
91e8cf7c-ece3-4e27-9eed-4a146790bbb7;6;Almazara Plaza;2023-12-01;11:00:00;12:00:00;520
91e8cf7c-ece3-4e27-9eed-4a146790bbb7;6;Almazara Plaza;2023-12-01;12:00:00;13:00:00;489
91e8cf7c-ece3-4e27-9eed-4a146790bbb7;6;Almazara Plaza;2023-12-01;13:00:00;14:00:00;487
91e8cf7c-ece3-4e27-9eed-4a146790bbb7;6;Almazara Plaza;2023-12-01;14:00:00;15:00:00;248
91e8cf7c-ece3-4e27-9eed-4a146790bbb7;6;Almazara Plaza;2023-12-01;15:00:00;16:00:00;216
91e8cf7c-ece3-4e27-9eed-4a146790bbb7;6;Almazara Plaza;2023-12-01;16:00:00;17:00:00;271
91e8cf7c-ece3-4e27-9eed-4a146790bbb7;6;Almazara Plaza;2023-12-01;17:00:00;18:00:00;409
91e8cf7c-ece3-4e27-9eed-4a146790bbb7;6;Almazara Plaza;2023-12-01;18:00:00;19:00:00;441
91e8cf7c-ece3-4e27-9eed-4a146790bbb7;6;Almazara Plaza;2023-12-01;19:00:00;20:00:00;433
91e8cf7c-ece3-4e27-9eed-4a146790bbb7;6;Almazara Plaza;2023-12-01;20:00:00;21:00:00;374
91e8cf7c-ece3-4e27-9eed-4a146790bbb7;6;Almazara Plaza;2023-12-01;21:00:00;22:00:00;184
91e8cf7c-ece3-4e27-9eed-4a146790bbb7;6;Almazara Plaza;2023-12-02;10:00:00;11:00:00;350
91e8cf7c-ece3-4e27-9eed-4a146790bbb7;6;Almazara Plaza;2023-12-02;11:00:00;12:00:00;363
91e8cf7c-ece3-4e27-9eed-4a146790bbb7;6;Almazara Plaza;2023-12-02;12:00:00;13:00:00;589
91e8cf7c-ece3-4e27-9eed-4a146790bbb7;6;Almazara Plaza;2023-12-02;13:00:00;14:00:00;525
91e8cf7c-ece3-4e27-9eed-4a146790bbb7;6;Almazara Plaza;2023-12-02;14:00:00;15:00:00;311
91e8cf7c-ece3-4e27-9eed-4a146790bbb7;6;Almazara Plaza;2023-12-02;15:00:00;16:00:00;256
91e8cf7c-ece3-4e27-9eed-4a146790bbb7;6;Almazara Plaza;2023-12-02;16:00:00;17:00:00;292
91e8cf7c-ece3-4e27-9eed-4a146790bbb7;6;Almazara Plaza;2023-12-02;17:00:00;18:00:00;350
91e8cf7c-ece3-4e27-9eed-4a146790bbb7;6;Almazara Plaza;2023-12-02;18:00:00;19:00:00;423
91e8cf7c-ece3-4e27-9eed-4a146790bbb7;6;Almazara Plaza;2023-12-02;19:00:00;20:00:00;369
91e8cf7c-ece3-4e27-9eed-4a146790bbb7;6;Almazara Plaza;2023-12-02;20:00:00;21:00:00;267
91e8cf7c-ece3-4e27-9eed-4a146790bbb7;6;Almazara Plaza;2023-12-02;21:00:00;22:00:00;196
91e8cf7c-ece3-4e27-9eed-4a146790bbb7;6;Almazara Plaza;2023-12-03;10:00:00;11:00:00;0
91e8cf7c-ece3-4e27-9eed-4a146790bbb7;6;Almazara Plaza;2023-12-03;11:00:00;12:00:00;0
91e8cf7c-ece3-4e27-9eed-4a146790bbb7;6;Almazara Plaza;2023-12-03;12:00:00;13:00:00;0
91e8cf7c-ece3-4e27-9eed-4a146790bbb7;6;Almazara Plaza;2023-12-03;13:00:00;14:00:00;0
91e8cf7c-ece3-4e27-9eed-4a146790bbb7;6;Almazara Plaza;2023-12-03;14:00:00;15:00:00;0
91e8cf7c-ece3-4e27-9eed-4a146790bbb7;6;Almazara Plaza;2023-12-03;15:00:00;16:00:00;0
91e8cf7c-ece3-4e27-9eed-4a146790bbb7;6;Almazara Plaza;2023-12-03;16:00:00;17:00:00;0
91e8cf7c-ece3-4e27-9eed-4a146790bbb7;6;Almazara Plaza;2023-12-03;17:00:00;18:00:00;0
91e8cf7c-ece3-4e27-9eed-4a146790bbb7;6;Almazara Plaza;2023-12-03;18:00:00;19:00:00;0
91e8cf7c-ece3-4e27-9eed-4a146790bbb7;6;Almazara Plaza;2023-12-03;19:00:00;20:00:00;0
91e8cf7c-ece3-4e27-9eed-4a146790bbb7;6;Almazara Plaza;2023-12-03;20:00:00;21:00:00;0
91e8cf7c-ece3-4e27-9eed-4a146790bbb7;6;Almazara Plaza;2023-12-03;21:00:00;22:00:00;0
4916aafd-1c0b-4e27-b2b0-61f7755fb4f3;9;Arena Multiespacio;2023-11-27;10:00:00;11:00:00;1489
4916aafd-1c0b-4e27-b2b0-61f7755fb4f3;9;Arena Multiespacio;2023-11-27;11:00:00;12:00:00;1728
4916aafd-1c0b-4e27-b2b0-61f7755fb4f3;9;Arena Multiespacio;2023-11-27;12:00:00;13:00:00;1786
4916aafd-1c0b-4e27-b2b0-61f7755fb4f3;9;Arena Multiespacio;2023-11-27;13:00:00;14:00:00;1948
4916aafd-1c0b-4e27-b2b0-61f7755fb4f3;9;Arena Multiespacio;2023-11-27;14:00:00;15:00:00;2030
4916aafd-1c0b-4e27-b2b0-61f7755fb4f3;9;Arena Multiespacio;2023-11-27;15:00:00;16:00:00;1923
4916aafd-1c0b-4e27-b2b0-61f7755fb4f3;9;Arena Multiespacio;2023-11-27;16:00:00;17:00:00;1775
4916aafd-1c0b-4e27-b2b0-61f7755fb4f3;9;Arena Multiespacio;2023-11-27;17:00:00;18:00:00;2060
4916aafd-1c0b-4e27-b2b0-61f7755fb4f3;9;Arena Multiespacio;2023-11-27;18:00:00;19:00:00;2228
4916aafd-1c0b-4e27-b2b0-61f7755fb4f3;9;Arena Multiespacio;2023-11-27;19:00:00;20:00:00;2169
4916aafd-1c0b-4e27-b2b0-61f7755fb4f3;9;Arena Multiespacio;2023-11-27;20:00:00;21:00:00;1940
4916aafd-1c0b-4e27-b2b0-61f7755fb4f3;9;Arena Multiespacio;2023-11-27;21:00:00;22:00:00;1588
4916aafd-1c0b-4e27-b2b0-61f7755fb4f3;9;Arena Multiespacio;2023-11-28;10:00:00;11:00:00;1789
4916aafd-1c0b-4e27-b2b0-61f7755fb4f3;9;Arena Multiespacio;2023-11-28;11:00:00;12:00:00;1859
4916aafd-1c0b-4e27-b2b0-61f7755fb4f3;9;Arena Multiespacio;2023-11-28;12:00:00;13:00:00;1894
4916aafd-1c0b-4e27-b2b0-61f7755fb4f3;9;Arena Multiespacio;2023-11-28;13:00:00;14:00:00;2156
4916aafd-1c0b-4e27-b2b0-61f7755fb4f3;9;Arena Multiespacio;2023-11-28;14:00:00;15:00:00;1886
4916aafd-1c0b-4e27-b2b0-61f7755fb4f3;9;Arena Multiespacio;2023-11-28;15:00:00;16:00:00;2315
4916aafd-1c0b-4e27-b2b0-61f7755fb4f3;9;Arena Multiespacio;2023-11-28;16:00:00;17:00:00;2046
4916aafd-1c0b-4e27-b2b0-61f7755fb4f3;9;Arena Multiespacio;2023-11-28;17:00:00;18:00:00;2272
4916aafd-1c0b-4e27-b2b0-61f7755fb4f3;9;Arena Multiespacio;2023-11-28;18:00:00;19:00:00;2238
4916aafd-1c0b-4e27-b2b0-61f7755fb4f3;9;Arena Multiespacio;2023-11-28;19:00:00;20:00:00;1948
4916aafd-1c0b-4e27-b2b0-61f7755fb4f3;9;Arena Multiespacio;2023-11-28;20:00:00;21:00:00;1858
4916aafd-1c0b-4e27-b2b0-61f7755fb4f3;9;Arena Multiespacio;2023-11-28;21:00:00;22:00:00;1847
4916aafd-1c0b-4e27-b2b0-61f7755fb4f3;9;Arena Multiespacio;2023-11-29;10:00:00;11:00:00;1706
4916aafd-1c0b-4e27-b2b0-61f7755fb4f3;9;Arena Multiespacio;2023-11-29;11:00:00;12:00:00;2128
4916aafd-1c0b-4e27-b2b0-61f7755fb4f3;9;Arena Multiespacio;2023-11-29;12:00:00;13:00:00;1964
4916aafd-1c0b-4e27-b2b0-61f7755fb4f3;9;Arena Multiespacio;2023-11-29;13:00:00;14:00:00;2006
4916aafd-1c0b-4e27-b2b0-61f7755fb4f3;9;Arena Multiespacio;2023-11-29;14:00:00;15:00:00;2003
4916aafd-1c0b-4e27-b2b0-61f7755fb4f3;9;Arena Multiespacio;2023-11-29;15:00:00;16:00:00;1765
4916aafd-1c0b-4e27-b2b0-61f7755fb4f3;9;Arena Multiespacio;2023-11-29;16:00:00;17:00:00;1802
4916aafd-1c0b-4e27-b2b0-61f7755fb4f3;9;Arena Multiespacio;2023-11-29;17:00:00;18:00:00;2410
4916aafd-1c0b-4e27-b2b0-61f7755fb4f3;9;Arena Multiespacio;2023-11-29;18:00:00;19:00:00;3065
4916aafd-1c0b-4e27-b2b0-61f7755fb4f3;9;Arena Multiespacio;2023-11-29;19:00:00;20:00:00;3253
4916aafd-1c0b-4e27-b2b0-61f7755fb4f3;9;Arena Multiespacio;2023-11-29;20:00:00;21:00:00;2380
4916aafd-1c0b-4e27-b2b0-61f7755fb4f3;9;Arena Multiespacio;2023-11-29;21:00:00;22:00:00;1728
4916aafd-1c0b-4e27-b2b0-61f7755fb4f3;9;Arena Multiespacio;2023-11-30;10:00:00;11:00:00;1679
4916aafd-1c0b-4e27-b2b0-61f7755fb4f3;9;Arena Multiespacio;2023-11-30;11:00:00;12:00:00;1789
4916aafd-1c0b-4e27-b2b0-61f7755fb4f3;9;Arena Multiespacio;2023-11-30;12:00:00;13:00:00;1762
4916aafd-1c0b-4e27-b2b0-61f7755fb4f3;9;Arena Multiespacio;2023-11-30;13:00:00;14:00:00;2139
4916aafd-1c0b-4e27-b2b0-61f7755fb4f3;9;Arena Multiespacio;2023-11-30;14:00:00;15:00:00;2131
4916aafd-1c0b-4e27-b2b0-61f7755fb4f3;9;Arena Multiespacio;2023-11-30;15:00:00;16:00:00;1961
4916aafd-1c0b-4e27-b2b0-61f7755fb4f3;9;Arena Multiespacio;2023-11-30;16:00:00;17:00:00;1734
4916aafd-1c0b-4e27-b2b0-61f7755fb4f3;9;Arena Multiespacio;2023-11-30;17:00:00;18:00:00;2098
4916aafd-1c0b-4e27-b2b0-61f7755fb4f3;9;Arena Multiespacio;2023-11-30;18:00:00;19:00:00;2427
4916aafd-1c0b-4e27-b2b0-61f7755fb4f3;9;Arena Multiespacio;2023-11-30;19:00:00;20:00:00;2540
4916aafd-1c0b-4e27-b2b0-61f7755fb4f3;9;Arena Multiespacio;2023-11-30;20:00:00;21:00:00;1994
4916aafd-1c0b-4e27-b2b0-61f7755fb4f3;9;Arena Multiespacio;2023-11-30;21:00:00;22:00:00;1786
4916aafd-1c0b-4e27-b2b0-61f7755fb4f3;9;Arena Multiespacio;2023-12-01;10:00:00;11:00:00;1702
4916aafd-1c0b-4e27-b2b0-61f7755fb4f3;9;Arena Multiespacio;2023-12-01;11:00:00;12:00:00;1792
4916aafd-1c0b-4e27-b2b0-61f7755fb4f3;9;Arena Multiespacio;2023-12-01;12:00:00;13:00:00;1573
4916aafd-1c0b-4e27-b2b0-61f7755fb4f3;9;Arena Multiespacio;2023-12-01;13:00:00;14:00:00;1914
4916aafd-1c0b-4e27-b2b0-61f7755fb4f3;9;Arena Multiespacio;2023-12-01;14:00:00;15:00:00;1969
4916aafd-1c0b-4e27-b2b0-61f7755fb4f3;9;Arena Multiespacio;2023-12-01;15:00:00;16:00:00;2093
4916aafd-1c0b-4e27-b2b0-61f7755fb4f3;9;Arena Multiespacio;2023-12-01;16:00:00;17:00:00;2543
4916aafd-1c0b-4e27-b2b0-61f7755fb4f3;9;Arena Multiespacio;2023-12-01;17:00:00;18:00:00;2424
4916aafd-1c0b-4e27-b2b0-61f7755fb4f3;9;Arena Multiespacio;2023-12-01;18:00:00;19:00:00;2824
4916aafd-1c0b-4e27-b2b0-61f7755fb4f3;9;Arena Multiespacio;2023-12-01;19:00:00;20:00:00;2757
4916aafd-1c0b-4e27-b2b0-61f7755fb4f3;9;Arena Multiespacio;2023-12-01;20:00:00;21:00:00;2295
4916aafd-1c0b-4e27-b2b0-61f7755fb4f3;9;Arena Multiespacio;2023-12-01;21:00:00;22:00:00;1817
4916aafd-1c0b-4e27-b2b0-61f7755fb4f3;9;Arena Multiespacio;2023-12-02;10:00:00;11:00:00;1990
4916aafd-1c0b-4e27-b2b0-61f7755fb4f3;9;Arena Multiespacio;2023-12-02;11:00:00;12:00:00;2469
4916aafd-1c0b-4e27-b2b0-61f7755fb4f3;9;Arena Multiespacio;2023-12-02;12:00:00;13:00:00;2947
4916aafd-1c0b-4e27-b2b0-61f7755fb4f3;9;Arena Multiespacio;2023-12-02;13:00:00;14:00:00;3029
4916aafd-1c0b-4e27-b2b0-61f7755fb4f3;9;Arena Multiespacio;2023-12-02;14:00:00;15:00:00;2106
4916aafd-1c0b-4e27-b2b0-61f7755fb4f3;9;Arena Multiespacio;2023-12-02;15:00:00;16:00:00;1899
4916aafd-1c0b-4e27-b2b0-61f7755fb4f3;9;Arena Multiespacio;2023-12-02;16:00:00;17:00:00;2182
4916aafd-1c0b-4e27-b2b0-61f7755fb4f3;9;Arena Multiespacio;2023-12-02;17:00:00;18:00:00;2432
4916aafd-1c0b-4e27-b2b0-61f7755fb4f3;9;Arena Multiespacio;2023-12-02;18:00:00;19:00:00;3455
4916aafd-1c0b-4e27-b2b0-61f7755fb4f3;9;Arena Multiespacio;2023-12-02;19:00:00;20:00:00;4077
4916aafd-1c0b-4e27-b2b0-61f7755fb4f3;9;Arena Multiespacio;2023-12-02;20:00:00;21:00:00;6994
4916aafd-1c0b-4e27-b2b0-61f7755fb4f3;9;Arena Multiespacio;2023-12-02;21:00:00;22:00:00;7711
4916aafd-1c0b-4e27-b2b0-61f7755fb4f3;9;Arena Multiespacio;2023-12-03;10:00:00;11:00:00;439
4916aafd-1c0b-4e27-b2b0-61f7755fb4f3;9;Arena Multiespacio;2023-12-03;11:00:00;12:00:00;2884
4916aafd-1c0b-4e27-b2b0-61f7755fb4f3;9;Arena Multiespacio;2023-12-03;12:00:00;13:00:00;2853
4916aafd-1c0b-4e27-b2b0-61f7755fb4f3;9;Arena Multiespacio;2023-12-03;13:00:00;14:00:00;2855
4916aafd-1c0b-4e27-b2b0-61f7755fb4f3;9;Arena Multiespacio;2023-12-03;14:00:00;15:00:00;2584
4916aafd-1c0b-4e27-b2b0-61f7755fb4f3;9;Arena Multiespacio;2023-12-03;15:00:00;16:00:00;2320
4916aafd-1c0b-4e27-b2b0-61f7755fb4f3;9;Arena Multiespacio;2023-12-03;16:00:00;17:00:00;2459
4916aafd-1c0b-4e27-b2b0-61f7755fb4f3;9;Arena Multiespacio;2023-12-03;17:00:00;18:00:00;2455
4916aafd-1c0b-4e27-b2b0-61f7755fb4f3;9;Arena Multiespacio;2023-12-03;18:00:00;19:00:00;2751
4916aafd-1c0b-4e27-b2b0-61f7755fb4f3;9;Arena Multiespacio;2023-12-03;19:00:00;20:00:00;2558
4916aafd-1c0b-4e27-b2b0-61f7755fb4f3;9;Arena Multiespacio;2023-12-03;20:00:00;21:00:00;2384
4916aafd-1c0b-4e27-b2b0-61f7755fb4f3;9;Arena Multiespacio;2023-12-03;21:00:00;22:00:00;998
c61e2cc5-ff63-4fe8-aa4a-abf1b1d7be16;10;As Termas;2023-11-27;10:00:00;11:00:00;4071
c61e2cc5-ff63-4fe8-aa4a-abf1b1d7be16;10;As Termas;2023-11-27;11:00:00;12:00:00;4420
c61e2cc5-ff63-4fe8-aa4a-abf1b1d7be16;10;As Termas;2023-11-27;12:00:00;13:00:00;4944
c61e2cc5-ff63-4fe8-aa4a-abf1b1d7be16;10;As Termas;2023-11-27;13:00:00;14:00:00;4566
c61e2cc5-ff63-4fe8-aa4a-abf1b1d7be16;10;As Termas;2023-11-27;14:00:00;15:00:00;4824
c61e2cc5-ff63-4fe8-aa4a-abf1b1d7be16;10;As Termas;2023-11-27;15:00:00;16:00:00;5093
c61e2cc5-ff63-4fe8-aa4a-abf1b1d7be16;10;As Termas;2023-11-27;16:00:00;17:00:00;5360
c61e2cc5-ff63-4fe8-aa4a-abf1b1d7be16;10;As Termas;2023-11-27;17:00:00;18:00:00;5401
c61e2cc5-ff63-4fe8-aa4a-abf1b1d7be16;10;As Termas;2023-11-27;18:00:00;19:00:00;5765
c61e2cc5-ff63-4fe8-aa4a-abf1b1d7be16;10;As Termas;2023-11-27;19:00:00;20:00:00;5690
c61e2cc5-ff63-4fe8-aa4a-abf1b1d7be16;10;As Termas;2023-11-27;20:00:00;21:00:00;5219
c61e2cc5-ff63-4fe8-aa4a-abf1b1d7be16;10;As Termas;2023-11-27;21:00:00;22:00:00;4310
c61e2cc5-ff63-4fe8-aa4a-abf1b1d7be16;10;As Termas;2023-11-28;10:00:00;11:00:00;3178
c61e2cc5-ff63-4fe8-aa4a-abf1b1d7be16;10;As Termas;2023-11-28;11:00:00;12:00:00;3350
c61e2cc5-ff63-4fe8-aa4a-abf1b1d7be16;10;As Termas;2023-11-28;12:00:00;13:00:00;4112
c61e2cc5-ff63-4fe8-aa4a-abf1b1d7be16;10;As Termas;2023-11-28;13:00:00;14:00:00;3851
c61e2cc5-ff63-4fe8-aa4a-abf1b1d7be16;10;As Termas;2023-11-28;14:00:00;15:00:00;4133
c61e2cc5-ff63-4fe8-aa4a-abf1b1d7be16;10;As Termas;2023-11-28;15:00:00;16:00:00;4358
c61e2cc5-ff63-4fe8-aa4a-abf1b1d7be16;10;As Termas;2023-11-28;16:00:00;17:00:00;4521
c61e2cc5-ff63-4fe8-aa4a-abf1b1d7be16;10;As Termas;2023-11-28;17:00:00;18:00:00;4747
c61e2cc5-ff63-4fe8-aa4a-abf1b1d7be16;10;As Termas;2023-11-28;18:00:00;19:00:00;5205
c61e2cc5-ff63-4fe8-aa4a-abf1b1d7be16;10;As Termas;2023-11-28;19:00:00;20:00:00;5013
c61e2cc5-ff63-4fe8-aa4a-abf1b1d7be16;10;As Termas;2023-11-28;20:00:00;21:00:00;4888
c61e2cc5-ff63-4fe8-aa4a-abf1b1d7be16;10;As Termas;2023-11-28;21:00:00;22:00:00;4216
c61e2cc5-ff63-4fe8-aa4a-abf1b1d7be16;10;As Termas;2023-11-29;10:00:00;11:00:00;3262
c61e2cc5-ff63-4fe8-aa4a-abf1b1d7be16;10;As Termas;2023-11-29;11:00:00;12:00:00;3877
c61e2cc5-ff63-4fe8-aa4a-abf1b1d7be16;10;As Termas;2023-11-29;12:00:00;13:00:00;4202
c61e2cc5-ff63-4fe8-aa4a-abf1b1d7be16;10;As Termas;2023-11-29;13:00:00;14:00:00;4417
c61e2cc5-ff63-4fe8-aa4a-abf1b1d7be16;10;As Termas;2023-11-29;14:00:00;15:00:00;4545
c61e2cc5-ff63-4fe8-aa4a-abf1b1d7be16;10;As Termas;2023-11-29;15:00:00;16:00:00;4646
c61e2cc5-ff63-4fe8-aa4a-abf1b1d7be16;10;As Termas;2023-11-29;16:00:00;17:00:00;4832
c61e2cc5-ff63-4fe8-aa4a-abf1b1d7be16;10;As Termas;2023-11-29;17:00:00;18:00:00;5389
c61e2cc5-ff63-4fe8-aa4a-abf1b1d7be16;10;As Termas;2023-11-29;18:00:00;19:00:00;5728
c61e2cc5-ff63-4fe8-aa4a-abf1b1d7be16;10;As Termas;2023-11-29;19:00:00;20:00:00;5536
c61e2cc5-ff63-4fe8-aa4a-abf1b1d7be16;10;As Termas;2023-11-29;20:00:00;21:00:00;5155
c61e2cc5-ff63-4fe8-aa4a-abf1b1d7be16;10;As Termas;2023-11-29;21:00:00;22:00:00;4287
c61e2cc5-ff63-4fe8-aa4a-abf1b1d7be16;10;As Termas;2023-11-30;10:00:00;11:00:00;3558
c61e2cc5-ff63-4fe8-aa4a-abf1b1d7be16;10;As Termas;2023-11-30;11:00:00;12:00:00;3841
c61e2cc5-ff63-4fe8-aa4a-abf1b1d7be16;10;As Termas;2023-11-30;12:00:00;13:00:00;4417
c61e2cc5-ff63-4fe8-aa4a-abf1b1d7be16;10;As Termas;2023-11-30;13:00:00;14:00:00;4388
c61e2cc5-ff63-4fe8-aa4a-abf1b1d7be16;10;As Termas;2023-11-30;14:00:00;15:00:00;4530
c61e2cc5-ff63-4fe8-aa4a-abf1b1d7be16;10;As Termas;2023-11-30;15:00:00;16:00:00;4637
c61e2cc5-ff63-4fe8-aa4a-abf1b1d7be16;10;As Termas;2023-11-30;16:00:00;17:00:00;4716
c61e2cc5-ff63-4fe8-aa4a-abf1b1d7be16;10;As Termas;2023-11-30;17:00:00;18:00:00;4423
c61e2cc5-ff63-4fe8-aa4a-abf1b1d7be16;10;As Termas;2023-11-30;18:00:00;19:00:00;4838
c61e2cc5-ff63-4fe8-aa4a-abf1b1d7be16;10;As Termas;2023-11-30;19:00:00;20:00:00;5147
c61e2cc5-ff63-4fe8-aa4a-abf1b1d7be16;10;As Termas;2023-11-30;20:00:00;21:00:00;4491
c61e2cc5-ff63-4fe8-aa4a-abf1b1d7be16;10;As Termas;2023-11-30;21:00:00;22:00:00;3777
c61e2cc5-ff63-4fe8-aa4a-abf1b1d7be16;10;As Termas;2023-12-01;10:00:00;11:00:00;3845
c61e2cc5-ff63-4fe8-aa4a-abf1b1d7be16;10;As Termas;2023-12-01;11:00:00;12:00:00;3868
c61e2cc5-ff63-4fe8-aa4a-abf1b1d7be16;10;As Termas;2023-12-01;12:00:00;13:00:00;4204
c61e2cc5-ff63-4fe8-aa4a-abf1b1d7be16;10;As Termas;2023-12-01;13:00:00;14:00:00;4883
c61e2cc5-ff63-4fe8-aa4a-abf1b1d7be16;10;As Termas;2023-12-01;14:00:00;15:00:00;5296
c61e2cc5-ff63-4fe8-aa4a-abf1b1d7be16;10;As Termas;2023-12-01;15:00:00;16:00:00;5338
c61e2cc5-ff63-4fe8-aa4a-abf1b1d7be16;10;As Termas;2023-12-01;16:00:00;17:00:00;5225
c61e2cc5-ff63-4fe8-aa4a-abf1b1d7be16;10;As Termas;2023-12-01;17:00:00;18:00:00;5636
c61e2cc5-ff63-4fe8-aa4a-abf1b1d7be16;10;As Termas;2023-12-01;18:00:00;19:00:00;6069
c61e2cc5-ff63-4fe8-aa4a-abf1b1d7be16;10;As Termas;2023-12-01;19:00:00;20:00:00;5659
c61e2cc5-ff63-4fe8-aa4a-abf1b1d7be16;10;As Termas;2023-12-01;20:00:00;21:00:00;5754
c61e2cc5-ff63-4fe8-aa4a-abf1b1d7be16;10;As Termas;2023-12-01;21:00:00;22:00:00;4784
c61e2cc5-ff63-4fe8-aa4a-abf1b1d7be16;10;As Termas;2023-12-02;10:00:00;11:00:00;3645
c61e2cc5-ff63-4fe8-aa4a-abf1b1d7be16;10;As Termas;2023-12-02;11:00:00;12:00:00;4400
c61e2cc5-ff63-4fe8-aa4a-abf1b1d7be16;10;As Termas;2023-12-02;12:00:00;13:00:00;5378
c61e2cc5-ff63-4fe8-aa4a-abf1b1d7be16;10;As Termas;2023-12-02;13:00:00;14:00:00;5801
c61e2cc5-ff63-4fe8-aa4a-abf1b1d7be16;10;As Termas;2023-12-02;14:00:00;15:00:00;5335
c61e2cc5-ff63-4fe8-aa4a-abf1b1d7be16;10;As Termas;2023-12-02;15:00:00;16:00:00;5645
c61e2cc5-ff63-4fe8-aa4a-abf1b1d7be16;10;As Termas;2023-12-02;16:00:00;17:00:00;6476
c61e2cc5-ff63-4fe8-aa4a-abf1b1d7be16;10;As Termas;2023-12-02;17:00:00;18:00:00;7841
c61e2cc5-ff63-4fe8-aa4a-abf1b1d7be16;10;As Termas;2023-12-02;18:00:00;19:00:00;8342
c61e2cc5-ff63-4fe8-aa4a-abf1b1d7be16;10;As Termas;2023-12-02;19:00:00;20:00:00;7485
c61e2cc5-ff63-4fe8-aa4a-abf1b1d7be16;10;As Termas;2023-12-02;20:00:00;21:00:00;6759
c61e2cc5-ff63-4fe8-aa4a-abf1b1d7be16;10;As Termas;2023-12-02;21:00:00;22:00:00;5377
c61e2cc5-ff63-4fe8-aa4a-abf1b1d7be16;10;As Termas;2023-12-03;10:00:00;11:00:00;0
c61e2cc5-ff63-4fe8-aa4a-abf1b1d7be16;10;As Termas;2023-12-03;11:00:00;12:00:00;0
c61e2cc5-ff63-4fe8-aa4a-abf1b1d7be16;10;As Termas;2023-12-03;12:00:00;13:00:00;0
c61e2cc5-ff63-4fe8-aa4a-abf1b1d7be16;10;As Termas;2023-12-03;13:00:00;14:00:00;0
c61e2cc5-ff63-4fe8-aa4a-abf1b1d7be16;10;As Termas;2023-12-03;14:00:00;15:00:00;0
c61e2cc5-ff63-4fe8-aa4a-abf1b1d7be16;10;As Termas;2023-12-03;15:00:00;16:00:00;0
c61e2cc5-ff63-4fe8-aa4a-abf1b1d7be16;10;As Termas;2023-12-03;16:00:00;17:00:00;0
c61e2cc5-ff63-4fe8-aa4a-abf1b1d7be16;10;As Termas;2023-12-03;17:00:00;18:00:00;0
c61e2cc5-ff63-4fe8-aa4a-abf1b1d7be16;10;As Termas;2023-12-03;18:00:00;19:00:00;0
c61e2cc5-ff63-4fe8-aa4a-abf1b1d7be16;10;As Termas;2023-12-03;19:00:00;20:00:00;0
c61e2cc5-ff63-4fe8-aa4a-abf1b1d7be16;10;As Termas;2023-12-03;20:00:00;21:00:00;0
c61e2cc5-ff63-4fe8-aa4a-abf1b1d7be16;10;As Termas;2023-12-03;21:00:00;22:00:00;0
f066cf28-e91c-4ce3-a0e9-e87370fd0445;11;Castellana 200;2023-11-27;10:00:00;11:00:00;514
f066cf28-e91c-4ce3-a0e9-e87370fd0445;11;Castellana 200;2023-11-27;11:00:00;12:00:00;515
f066cf28-e91c-4ce3-a0e9-e87370fd0445;11;Castellana 200;2023-11-27;12:00:00;13:00:00;471
f066cf28-e91c-4ce3-a0e9-e87370fd0445;11;Castellana 200;2023-11-27;13:00:00;14:00:00;404
f066cf28-e91c-4ce3-a0e9-e87370fd0445;11;Castellana 200;2023-11-27;14:00:00;15:00:00;452
f066cf28-e91c-4ce3-a0e9-e87370fd0445;11;Castellana 200;2023-11-27;15:00:00;16:00:00;320
f066cf28-e91c-4ce3-a0e9-e87370fd0445;11;Castellana 200;2023-11-27;16:00:00;17:00:00;367
f066cf28-e91c-4ce3-a0e9-e87370fd0445;11;Castellana 200;2023-11-27;17:00:00;18:00:00;332
f066cf28-e91c-4ce3-a0e9-e87370fd0445;11;Castellana 200;2023-11-27;18:00:00;19:00:00;355
f066cf28-e91c-4ce3-a0e9-e87370fd0445;11;Castellana 200;2023-11-27;19:00:00;20:00:00;267
f066cf28-e91c-4ce3-a0e9-e87370fd0445;11;Castellana 200;2023-11-27;20:00:00;21:00:00;233
f066cf28-e91c-4ce3-a0e9-e87370fd0445;11;Castellana 200;2023-11-27;21:00:00;22:00:00;308
f066cf28-e91c-4ce3-a0e9-e87370fd0445;11;Castellana 200;2023-11-28;10:00:00;11:00:00;553
f066cf28-e91c-4ce3-a0e9-e87370fd0445;11;Castellana 200;2023-11-28;11:00:00;12:00:00;571
f066cf28-e91c-4ce3-a0e9-e87370fd0445;11;Castellana 200;2023-11-28;12:00:00;13:00:00;566
f066cf28-e91c-4ce3-a0e9-e87370fd0445;11;Castellana 200;2023-11-28;13:00:00;14:00:00;497
f066cf28-e91c-4ce3-a0e9-e87370fd0445;11;Castellana 200;2023-11-28;14:00:00;15:00:00;503
f066cf28-e91c-4ce3-a0e9-e87370fd0445;11;Castellana 200;2023-11-28;15:00:00;16:00:00;339
f066cf28-e91c-4ce3-a0e9-e87370fd0445;11;Castellana 200;2023-11-28;16:00:00;17:00:00;388
f066cf28-e91c-4ce3-a0e9-e87370fd0445;11;Castellana 200;2023-11-28;17:00:00;18:00:00;363
f066cf28-e91c-4ce3-a0e9-e87370fd0445;11;Castellana 200;2023-11-28;18:00:00;19:00:00;408
f066cf28-e91c-4ce3-a0e9-e87370fd0445;11;Castellana 200;2023-11-28;19:00:00;20:00:00;292
f066cf28-e91c-4ce3-a0e9-e87370fd0445;11;Castellana 200;2023-11-28;20:00:00;21:00:00;264
f066cf28-e91c-4ce3-a0e9-e87370fd0445;11;Castellana 200;2023-11-28;21:00:00;22:00:00;325
f066cf28-e91c-4ce3-a0e9-e87370fd0445;11;Castellana 200;2023-11-29;10:00:00;11:00:00;531
f066cf28-e91c-4ce3-a0e9-e87370fd0445;11;Castellana 200;2023-11-29;11:00:00;12:00:00;574
f066cf28-e91c-4ce3-a0e9-e87370fd0445;11;Castellana 200;2023-11-29;12:00:00;13:00:00;522
f066cf28-e91c-4ce3-a0e9-e87370fd0445;11;Castellana 200;2023-11-29;13:00:00;14:00:00;461
f066cf28-e91c-4ce3-a0e9-e87370fd0445;11;Castellana 200;2023-11-29;14:00:00;15:00:00;549
f066cf28-e91c-4ce3-a0e9-e87370fd0445;11;Castellana 200;2023-11-29;15:00:00;16:00:00;397
f066cf28-e91c-4ce3-a0e9-e87370fd0445;11;Castellana 200;2023-11-29;16:00:00;17:00:00;424
f066cf28-e91c-4ce3-a0e9-e87370fd0445;11;Castellana 200;2023-11-29;17:00:00;18:00:00;394
f066cf28-e91c-4ce3-a0e9-e87370fd0445;11;Castellana 200;2023-11-29;18:00:00;19:00:00;385
f066cf28-e91c-4ce3-a0e9-e87370fd0445;11;Castellana 200;2023-11-29;19:00:00;20:00:00;334
f066cf28-e91c-4ce3-a0e9-e87370fd0445;11;Castellana 200;2023-11-29;20:00:00;21:00:00;284
f066cf28-e91c-4ce3-a0e9-e87370fd0445;11;Castellana 200;2023-11-29;21:00:00;22:00:00;292
f066cf28-e91c-4ce3-a0e9-e87370fd0445;11;Castellana 200;2023-11-30;10:00:00;11:00:00;514
f066cf28-e91c-4ce3-a0e9-e87370fd0445;11;Castellana 200;2023-11-30;11:00:00;12:00:00;508
f066cf28-e91c-4ce3-a0e9-e87370fd0445;11;Castellana 200;2023-11-30;12:00:00;13:00:00;531
f066cf28-e91c-4ce3-a0e9-e87370fd0445;11;Castellana 200;2023-11-30;13:00:00;14:00:00;452
f066cf28-e91c-4ce3-a0e9-e87370fd0445;11;Castellana 200;2023-11-30;14:00:00;15:00:00;499
f066cf28-e91c-4ce3-a0e9-e87370fd0445;11;Castellana 200;2023-11-30;15:00:00;16:00:00;345
f066cf28-e91c-4ce3-a0e9-e87370fd0445;11;Castellana 200;2023-11-30;16:00:00;17:00:00;393
f066cf28-e91c-4ce3-a0e9-e87370fd0445;11;Castellana 200;2023-11-30;17:00:00;18:00:00;330
f066cf28-e91c-4ce3-a0e9-e87370fd0445;11;Castellana 200;2023-11-30;18:00:00;19:00:00;332
f066cf28-e91c-4ce3-a0e9-e87370fd0445;11;Castellana 200;2023-11-30;19:00:00;20:00:00;268
f066cf28-e91c-4ce3-a0e9-e87370fd0445;11;Castellana 200;2023-11-30;20:00:00;21:00:00;255
f066cf28-e91c-4ce3-a0e9-e87370fd0445;11;Castellana 200;2023-11-30;21:00:00;22:00:00;338
f066cf28-e91c-4ce3-a0e9-e87370fd0445;11;Castellana 200;2023-12-01;10:00:00;11:00:00;421
f066cf28-e91c-4ce3-a0e9-e87370fd0445;11;Castellana 200;2023-12-01;11:00:00;12:00:00;462
f066cf28-e91c-4ce3-a0e9-e87370fd0445;11;Castellana 200;2023-12-01;12:00:00;13:00:00;439
f066cf28-e91c-4ce3-a0e9-e87370fd0445;11;Castellana 200;2023-12-01;13:00:00;14:00:00;408
f066cf28-e91c-4ce3-a0e9-e87370fd0445;11;Castellana 200;2023-12-01;14:00:00;15:00:00;474
f066cf28-e91c-4ce3-a0e9-e87370fd0445;11;Castellana 200;2023-12-01;15:00:00;16:00:00;361
f066cf28-e91c-4ce3-a0e9-e87370fd0445;11;Castellana 200;2023-12-01;16:00:00;17:00:00;338
f066cf28-e91c-4ce3-a0e9-e87370fd0445;11;Castellana 200;2023-12-01;17:00:00;18:00:00;293
f066cf28-e91c-4ce3-a0e9-e87370fd0445;11;Castellana 200;2023-12-01;18:00:00;19:00:00;280
f066cf28-e91c-4ce3-a0e9-e87370fd0445;11;Castellana 200;2023-12-01;19:00:00;20:00:00;270
f066cf28-e91c-4ce3-a0e9-e87370fd0445;11;Castellana 200;2023-12-01;20:00:00;21:00:00;280
f066cf28-e91c-4ce3-a0e9-e87370fd0445;11;Castellana 200;2023-12-01;21:00:00;22:00:00;314
f066cf28-e91c-4ce3-a0e9-e87370fd0445;11;Castellana 200;2023-12-02;10:00:00;11:00:00;309
f066cf28-e91c-4ce3-a0e9-e87370fd0445;11;Castellana 200;2023-12-02;11:00:00;12:00:00;315
f066cf28-e91c-4ce3-a0e9-e87370fd0445;11;Castellana 200;2023-12-02;12:00:00;13:00:00;319
f066cf28-e91c-4ce3-a0e9-e87370fd0445;11;Castellana 200;2023-12-02;13:00:00;14:00:00;303
f066cf28-e91c-4ce3-a0e9-e87370fd0445;11;Castellana 200;2023-12-02;14:00:00;15:00:00;364
f066cf28-e91c-4ce3-a0e9-e87370fd0445;11;Castellana 200;2023-12-02;15:00:00;16:00:00;348
f066cf28-e91c-4ce3-a0e9-e87370fd0445;11;Castellana 200;2023-12-02;16:00:00;17:00:00;331
f066cf28-e91c-4ce3-a0e9-e87370fd0445;11;Castellana 200;2023-12-02;17:00:00;18:00:00;377
f066cf28-e91c-4ce3-a0e9-e87370fd0445;11;Castellana 200;2023-12-02;18:00:00;19:00:00;400
f066cf28-e91c-4ce3-a0e9-e87370fd0445;11;Castellana 200;2023-12-02;19:00:00;20:00:00;312
f066cf28-e91c-4ce3-a0e9-e87370fd0445;11;Castellana 200;2023-12-02;20:00:00;21:00:00;347
f066cf28-e91c-4ce3-a0e9-e87370fd0445;11;Castellana 200;2023-12-02;21:00:00;22:00:00;344
f066cf28-e91c-4ce3-a0e9-e87370fd0445;11;Castellana 200;2023-12-03;10:00:00;11:00:00;224
f066cf28-e91c-4ce3-a0e9-e87370fd0445;11;Castellana 200;2023-12-03;11:00:00;12:00:00;352
f066cf28-e91c-4ce3-a0e9-e87370fd0445;11;Castellana 200;2023-12-03;12:00:00;13:00:00;342
f066cf28-e91c-4ce3-a0e9-e87370fd0445;11;Castellana 200;2023-12-03;13:00:00;14:00:00;342
f066cf28-e91c-4ce3-a0e9-e87370fd0445;11;Castellana 200;2023-12-03;14:00:00;15:00:00;348
f066cf28-e91c-4ce3-a0e9-e87370fd0445;11;Castellana 200;2023-12-03;15:00:00;16:00:00;348
f066cf28-e91c-4ce3-a0e9-e87370fd0445;11;Castellana 200;2023-12-03;16:00:00;17:00:00;336
f066cf28-e91c-4ce3-a0e9-e87370fd0445;11;Castellana 200;2023-12-03;17:00:00;18:00:00;397
f066cf28-e91c-4ce3-a0e9-e87370fd0445;11;Castellana 200;2023-12-03;18:00:00;19:00:00;368
f066cf28-e91c-4ce3-a0e9-e87370fd0445;11;Castellana 200;2023-12-03;19:00:00;20:00:00;332
f066cf28-e91c-4ce3-a0e9-e87370fd0445;11;Castellana 200;2023-12-03;20:00:00;21:00:00;304
f066cf28-e91c-4ce3-a0e9-e87370fd0445;11;Castellana 200;2023-12-03;21:00:00;22:00:00;226
135cd769-31c8-4240-a5af-adf6a132aaec;13;Conquistadores;2023-11-27;10:00:00;11:00:00;406
135cd769-31c8-4240-a5af-adf6a132aaec;13;Conquistadores;2023-11-27;11:00:00;12:00:00;450
135cd769-31c8-4240-a5af-adf6a132aaec;13;Conquistadores;2023-11-27;12:00:00;13:00:00;447
135cd769-31c8-4240-a5af-adf6a132aaec;13;Conquistadores;2023-11-27;13:00:00;14:00:00;384
135cd769-31c8-4240-a5af-adf6a132aaec;13;Conquistadores;2023-11-27;14:00:00;15:00:00;424
135cd769-31c8-4240-a5af-adf6a132aaec;13;Conquistadores;2023-11-27;15:00:00;16:00:00;306
135cd769-31c8-4240-a5af-adf6a132aaec;13;Conquistadores;2023-11-27;16:00:00;17:00:00;297
135cd769-31c8-4240-a5af-adf6a132aaec;13;Conquistadores;2023-11-27;17:00:00;18:00:00;257
135cd769-31c8-4240-a5af-adf6a132aaec;13;Conquistadores;2023-11-27;18:00:00;19:00:00;300
135cd769-31c8-4240-a5af-adf6a132aaec;13;Conquistadores;2023-11-27;19:00:00;20:00:00;281
135cd769-31c8-4240-a5af-adf6a132aaec;13;Conquistadores;2023-11-27;20:00:00;21:00:00;265
135cd769-31c8-4240-a5af-adf6a132aaec;13;Conquistadores;2023-11-27;21:00:00;22:00:00;416
135cd769-31c8-4240-a5af-adf6a132aaec;13;Conquistadores;2023-11-28;10:00:00;11:00:00;399
135cd769-31c8-4240-a5af-adf6a132aaec;13;Conquistadores;2023-11-28;11:00:00;12:00:00;452
135cd769-31c8-4240-a5af-adf6a132aaec;13;Conquistadores;2023-11-28;12:00:00;13:00:00;470
135cd769-31c8-4240-a5af-adf6a132aaec;13;Conquistadores;2023-11-28;13:00:00;14:00:00;352
135cd769-31c8-4240-a5af-adf6a132aaec;13;Conquistadores;2023-11-28;14:00:00;15:00:00;452
135cd769-31c8-4240-a5af-adf6a132aaec;13;Conquistadores;2023-11-28;15:00:00;16:00:00;362
135cd769-31c8-4240-a5af-adf6a132aaec;13;Conquistadores;2023-11-28;16:00:00;17:00:00;285
135cd769-31c8-4240-a5af-adf6a132aaec;13;Conquistadores;2023-11-28;17:00:00;18:00:00;311
135cd769-31c8-4240-a5af-adf6a132aaec;13;Conquistadores;2023-11-28;18:00:00;19:00:00;307
135cd769-31c8-4240-a5af-adf6a132aaec;13;Conquistadores;2023-11-28;19:00:00;20:00:00;291
135cd769-31c8-4240-a5af-adf6a132aaec;13;Conquistadores;2023-11-28;20:00:00;21:00:00;334
135cd769-31c8-4240-a5af-adf6a132aaec;13;Conquistadores;2023-11-28;21:00:00;22:00:00;518
135cd769-31c8-4240-a5af-adf6a132aaec;13;Conquistadores;2023-11-29;10:00:00;11:00:00;395
135cd769-31c8-4240-a5af-adf6a132aaec;13;Conquistadores;2023-11-29;11:00:00;12:00:00;420
135cd769-31c8-4240-a5af-adf6a132aaec;13;Conquistadores;2023-11-29;12:00:00;13:00:00;371
135cd769-31c8-4240-a5af-adf6a132aaec;13;Conquistadores;2023-11-29;13:00:00;14:00:00;325
135cd769-31c8-4240-a5af-adf6a132aaec;13;Conquistadores;2023-11-29;14:00:00;15:00:00;365
135cd769-31c8-4240-a5af-adf6a132aaec;13;Conquistadores;2023-11-29;15:00:00;16:00:00;308
135cd769-31c8-4240-a5af-adf6a132aaec;13;Conquistadores;2023-11-29;16:00:00;17:00:00;268
135cd769-31c8-4240-a5af-adf6a132aaec;13;Conquistadores;2023-11-29;17:00:00;18:00:00;254
135cd769-31c8-4240-a5af-adf6a132aaec;13;Conquistadores;2023-11-29;18:00:00;19:00:00;295
135cd769-31c8-4240-a5af-adf6a132aaec;13;Conquistadores;2023-11-29;19:00:00;20:00:00;268
135cd769-31c8-4240-a5af-adf6a132aaec;13;Conquistadores;2023-11-29;20:00:00;21:00:00;304
135cd769-31c8-4240-a5af-adf6a132aaec;13;Conquistadores;2023-11-29;21:00:00;22:00:00;420
135cd769-31c8-4240-a5af-adf6a132aaec;13;Conquistadores;2023-11-30;10:00:00;11:00:00;386
135cd769-31c8-4240-a5af-adf6a132aaec;13;Conquistadores;2023-11-30;11:00:00;12:00:00;393
135cd769-31c8-4240-a5af-adf6a132aaec;13;Conquistadores;2023-11-30;12:00:00;13:00:00;471
135cd769-31c8-4240-a5af-adf6a132aaec;13;Conquistadores;2023-11-30;13:00:00;14:00:00;416
135cd769-31c8-4240-a5af-adf6a132aaec;13;Conquistadores;2023-11-30;14:00:00;15:00:00;391
135cd769-31c8-4240-a5af-adf6a132aaec;13;Conquistadores;2023-11-30;15:00:00;16:00:00;323
135cd769-31c8-4240-a5af-adf6a132aaec;13;Conquistadores;2023-11-30;16:00:00;17:00:00;243
135cd769-31c8-4240-a5af-adf6a132aaec;13;Conquistadores;2023-11-30;17:00:00;18:00:00;261
135cd769-31c8-4240-a5af-adf6a132aaec;13;Conquistadores;2023-11-30;18:00:00;19:00:00;292
135cd769-31c8-4240-a5af-adf6a132aaec;13;Conquistadores;2023-11-30;19:00:00;20:00:00;281
135cd769-31c8-4240-a5af-adf6a132aaec;13;Conquistadores;2023-11-30;20:00:00;21:00:00;372
135cd769-31c8-4240-a5af-adf6a132aaec;13;Conquistadores;2023-11-30;21:00:00;22:00:00;349
135cd769-31c8-4240-a5af-adf6a132aaec;13;Conquistadores;2023-12-01;10:00:00;11:00:00;383
135cd769-31c8-4240-a5af-adf6a132aaec;13;Conquistadores;2023-12-01;11:00:00;12:00:00;455
135cd769-31c8-4240-a5af-adf6a132aaec;13;Conquistadores;2023-12-01;12:00:00;13:00:00;515
135cd769-31c8-4240-a5af-adf6a132aaec;13;Conquistadores;2023-12-01;13:00:00;14:00:00;538
135cd769-31c8-4240-a5af-adf6a132aaec;13;Conquistadores;2023-12-01;14:00:00;15:00:00;440
135cd769-31c8-4240-a5af-adf6a132aaec;13;Conquistadores;2023-12-01;15:00:00;16:00:00;363
135cd769-31c8-4240-a5af-adf6a132aaec;13;Conquistadores;2023-12-01;16:00:00;17:00:00;321
135cd769-31c8-4240-a5af-adf6a132aaec;13;Conquistadores;2023-12-01;17:00:00;18:00:00;265
135cd769-31c8-4240-a5af-adf6a132aaec;13;Conquistadores;2023-12-01;18:00:00;19:00:00;313
135cd769-31c8-4240-a5af-adf6a132aaec;13;Conquistadores;2023-12-01;19:00:00;20:00:00;300
135cd769-31c8-4240-a5af-adf6a132aaec;13;Conquistadores;2023-12-01;20:00:00;21:00:00;317
135cd769-31c8-4240-a5af-adf6a132aaec;13;Conquistadores;2023-12-01;21:00:00;22:00:00;584
135cd769-31c8-4240-a5af-adf6a132aaec;13;Conquistadores;2023-12-02;10:00:00;11:00:00;206
135cd769-31c8-4240-a5af-adf6a132aaec;13;Conquistadores;2023-12-02;11:00:00;12:00:00;166
135cd769-31c8-4240-a5af-adf6a132aaec;13;Conquistadores;2023-12-02;12:00:00;13:00:00;181
135cd769-31c8-4240-a5af-adf6a132aaec;13;Conquistadores;2023-12-02;13:00:00;14:00:00;288
135cd769-31c8-4240-a5af-adf6a132aaec;13;Conquistadores;2023-12-02;14:00:00;15:00:00;423
135cd769-31c8-4240-a5af-adf6a132aaec;13;Conquistadores;2023-12-02;15:00:00;16:00:00;435
135cd769-31c8-4240-a5af-adf6a132aaec;13;Conquistadores;2023-12-02;16:00:00;17:00:00;432
135cd769-31c8-4240-a5af-adf6a132aaec;13;Conquistadores;2023-12-02;17:00:00;18:00:00;410
135cd769-31c8-4240-a5af-adf6a132aaec;13;Conquistadores;2023-12-02;18:00:00;19:00:00;385
135cd769-31c8-4240-a5af-adf6a132aaec;13;Conquistadores;2023-12-02;19:00:00;20:00:00;361
135cd769-31c8-4240-a5af-adf6a132aaec;13;Conquistadores;2023-12-02;20:00:00;21:00:00;387
135cd769-31c8-4240-a5af-adf6a132aaec;13;Conquistadores;2023-12-02;21:00:00;22:00:00;737
135cd769-31c8-4240-a5af-adf6a132aaec;13;Conquistadores;2023-12-03;10:00:00;11:00:00;154
135cd769-31c8-4240-a5af-adf6a132aaec;13;Conquistadores;2023-12-03;11:00:00;12:00:00;149
135cd769-31c8-4240-a5af-adf6a132aaec;13;Conquistadores;2023-12-03;12:00:00;13:00:00;230
135cd769-31c8-4240-a5af-adf6a132aaec;13;Conquistadores;2023-12-03;13:00:00;14:00:00;251
135cd769-31c8-4240-a5af-adf6a132aaec;13;Conquistadores;2023-12-03;14:00:00;15:00:00;420
135cd769-31c8-4240-a5af-adf6a132aaec;13;Conquistadores;2023-12-03;15:00:00;16:00:00;411
135cd769-31c8-4240-a5af-adf6a132aaec;13;Conquistadores;2023-12-03;16:00:00;17:00:00;300
135cd769-31c8-4240-a5af-adf6a132aaec;13;Conquistadores;2023-12-03;17:00:00;18:00:00;229
135cd769-31c8-4240-a5af-adf6a132aaec;13;Conquistadores;2023-12-03;18:00:00;19:00:00;190
135cd769-31c8-4240-a5af-adf6a132aaec;13;Conquistadores;2023-12-03;19:00:00;20:00:00;219
135cd769-31c8-4240-a5af-adf6a132aaec;13;Conquistadores;2023-12-03;20:00:00;21:00:00;234
135cd769-31c8-4240-a5af-adf6a132aaec;13;Conquistadores;2023-12-03;21:00:00;22:00:00;388
0c2639f4-bec1-428e-abad-c95a3a78de58;50;Coruña The Style Outlets;2023-11-27;10:00:00;11:00:00;2000
0c2639f4-bec1-428e-abad-c95a3a78de58;50;Coruña The Style Outlets;2023-11-27;11:00:00;12:00:00;2264
0c2639f4-bec1-428e-abad-c95a3a78de58;50;Coruña The Style Outlets;2023-11-27;12:00:00;13:00:00;2514
0c2639f4-bec1-428e-abad-c95a3a78de58;50;Coruña The Style Outlets;2023-11-27;13:00:00;14:00:00;2452
0c2639f4-bec1-428e-abad-c95a3a78de58;50;Coruña The Style Outlets;2023-11-27;14:00:00;15:00:00;2333
0c2639f4-bec1-428e-abad-c95a3a78de58;50;Coruña The Style Outlets;2023-11-27;15:00:00;16:00:00;2034
0c2639f4-bec1-428e-abad-c95a3a78de58;50;Coruña The Style Outlets;2023-11-27;16:00:00;17:00:00;2516
0c2639f4-bec1-428e-abad-c95a3a78de58;50;Coruña The Style Outlets;2023-11-27;17:00:00;18:00:00;2499
0c2639f4-bec1-428e-abad-c95a3a78de58;50;Coruña The Style Outlets;2023-11-27;18:00:00;19:00:00;2790
0c2639f4-bec1-428e-abad-c95a3a78de58;50;Coruña The Style Outlets;2023-11-27;19:00:00;20:00:00;2838
0c2639f4-bec1-428e-abad-c95a3a78de58;50;Coruña The Style Outlets;2023-11-27;20:00:00;21:00:00;1926
0c2639f4-bec1-428e-abad-c95a3a78de58;50;Coruña The Style Outlets;2023-11-27;21:00:00;22:00:00;1403
0c2639f4-bec1-428e-abad-c95a3a78de58;50;Coruña The Style Outlets;2023-11-28;10:00:00;11:00:00;2186
0c2639f4-bec1-428e-abad-c95a3a78de58;50;Coruña The Style Outlets;2023-11-28;11:00:00;12:00:00;2498
0c2639f4-bec1-428e-abad-c95a3a78de58;50;Coruña The Style Outlets;2023-11-28;12:00:00;13:00:00;2782
0c2639f4-bec1-428e-abad-c95a3a78de58;50;Coruña The Style Outlets;2023-11-28;13:00:00;14:00:00;2856
0c2639f4-bec1-428e-abad-c95a3a78de58;50;Coruña The Style Outlets;2023-11-28;14:00:00;15:00:00;2874
0c2639f4-bec1-428e-abad-c95a3a78de58;50;Coruña The Style Outlets;2023-11-28;15:00:00;16:00:00;2536
0c2639f4-bec1-428e-abad-c95a3a78de58;50;Coruña The Style Outlets;2023-11-28;16:00:00;17:00:00;2916
0c2639f4-bec1-428e-abad-c95a3a78de58;50;Coruña The Style Outlets;2023-11-28;17:00:00;18:00:00;2882
0c2639f4-bec1-428e-abad-c95a3a78de58;50;Coruña The Style Outlets;2023-11-28;18:00:00;19:00:00;3100
0c2639f4-bec1-428e-abad-c95a3a78de58;50;Coruña The Style Outlets;2023-11-28;19:00:00;20:00:00;2421
0c2639f4-bec1-428e-abad-c95a3a78de58;50;Coruña The Style Outlets;2023-11-28;20:00:00;21:00:00;1966
0c2639f4-bec1-428e-abad-c95a3a78de58;50;Coruña The Style Outlets;2023-11-28;21:00:00;22:00:00;1535
0c2639f4-bec1-428e-abad-c95a3a78de58;50;Coruña The Style Outlets;2023-11-29;10:00:00;11:00:00;2066
0c2639f4-bec1-428e-abad-c95a3a78de58;50;Coruña The Style Outlets;2023-11-29;11:00:00;12:00:00;2565
0c2639f4-bec1-428e-abad-c95a3a78de58;50;Coruña The Style Outlets;2023-11-29;12:00:00;13:00:00;2670
0c2639f4-bec1-428e-abad-c95a3a78de58;50;Coruña The Style Outlets;2023-11-29;13:00:00;14:00:00;2680
0c2639f4-bec1-428e-abad-c95a3a78de58;50;Coruña The Style Outlets;2023-11-29;14:00:00;15:00:00;2516
0c2639f4-bec1-428e-abad-c95a3a78de58;50;Coruña The Style Outlets;2023-11-29;15:00:00;16:00:00;2510
0c2639f4-bec1-428e-abad-c95a3a78de58;50;Coruña The Style Outlets;2023-11-29;16:00:00;17:00:00;2163
0c2639f4-bec1-428e-abad-c95a3a78de58;50;Coruña The Style Outlets;2023-11-29;17:00:00;18:00:00;2215
0c2639f4-bec1-428e-abad-c95a3a78de58;50;Coruña The Style Outlets;2023-11-29;18:00:00;19:00:00;2286
0c2639f4-bec1-428e-abad-c95a3a78de58;50;Coruña The Style Outlets;2023-11-29;19:00:00;20:00:00;2600
0c2639f4-bec1-428e-abad-c95a3a78de58;50;Coruña The Style Outlets;2023-11-29;20:00:00;21:00:00;2317
0c2639f4-bec1-428e-abad-c95a3a78de58;50;Coruña The Style Outlets;2023-11-29;21:00:00;22:00:00;1984
0c2639f4-bec1-428e-abad-c95a3a78de58;50;Coruña The Style Outlets;2023-11-30;10:00:00;11:00:00;2779
0c2639f4-bec1-428e-abad-c95a3a78de58;50;Coruña The Style Outlets;2023-11-30;11:00:00;12:00:00;3512
0c2639f4-bec1-428e-abad-c95a3a78de58;50;Coruña The Style Outlets;2023-11-30;12:00:00;13:00:00;4367
0c2639f4-bec1-428e-abad-c95a3a78de58;50;Coruña The Style Outlets;2023-11-30;13:00:00;14:00:00;4035
0c2639f4-bec1-428e-abad-c95a3a78de58;50;Coruña The Style Outlets;2023-11-30;14:00:00;15:00:00;3535
0c2639f4-bec1-428e-abad-c95a3a78de58;50;Coruña The Style Outlets;2023-11-30;15:00:00;16:00:00;3128
0c2639f4-bec1-428e-abad-c95a3a78de58;50;Coruña The Style Outlets;2023-11-30;16:00:00;17:00:00;3595
0c2639f4-bec1-428e-abad-c95a3a78de58;50;Coruña The Style Outlets;2023-11-30;17:00:00;18:00:00;4189
0c2639f4-bec1-428e-abad-c95a3a78de58;50;Coruña The Style Outlets;2023-11-30;18:00:00;19:00:00;4365
0c2639f4-bec1-428e-abad-c95a3a78de58;50;Coruña The Style Outlets;2023-11-30;19:00:00;20:00:00;4017
0c2639f4-bec1-428e-abad-c95a3a78de58;50;Coruña The Style Outlets;2023-11-30;20:00:00;21:00:00;3414
0c2639f4-bec1-428e-abad-c95a3a78de58;50;Coruña The Style Outlets;2023-11-30;21:00:00;22:00:00;2360
0c2639f4-bec1-428e-abad-c95a3a78de58;50;Coruña The Style Outlets;2023-12-01;10:00:00;11:00:00;2051
0c2639f4-bec1-428e-abad-c95a3a78de58;50;Coruña The Style Outlets;2023-12-01;11:00:00;12:00:00;2401
0c2639f4-bec1-428e-abad-c95a3a78de58;50;Coruña The Style Outlets;2023-12-01;12:00:00;13:00:00;2655
0c2639f4-bec1-428e-abad-c95a3a78de58;50;Coruña The Style Outlets;2023-12-01;13:00:00;14:00:00;2265
0c2639f4-bec1-428e-abad-c95a3a78de58;50;Coruña The Style Outlets;2023-12-01;14:00:00;15:00:00;2417
0c2639f4-bec1-428e-abad-c95a3a78de58;50;Coruña The Style Outlets;2023-12-01;15:00:00;16:00:00;1930
0c2639f4-bec1-428e-abad-c95a3a78de58;50;Coruña The Style Outlets;2023-12-01;16:00:00;17:00:00;2062
0c2639f4-bec1-428e-abad-c95a3a78de58;50;Coruña The Style Outlets;2023-12-01;17:00:00;18:00:00;2628
0c2639f4-bec1-428e-abad-c95a3a78de58;50;Coruña The Style Outlets;2023-12-01;18:00:00;19:00:00;2483
0c2639f4-bec1-428e-abad-c95a3a78de58;50;Coruña The Style Outlets;2023-12-01;19:00:00;20:00:00;2221
0c2639f4-bec1-428e-abad-c95a3a78de58;50;Coruña The Style Outlets;2023-12-01;20:00:00;21:00:00;2048
0c2639f4-bec1-428e-abad-c95a3a78de58;50;Coruña The Style Outlets;2023-12-01;21:00:00;22:00:00;1635
0c2639f4-bec1-428e-abad-c95a3a78de58;50;Coruña The Style Outlets;2023-12-02;10:00:00;11:00:00;1494
0c2639f4-bec1-428e-abad-c95a3a78de58;50;Coruña The Style Outlets;2023-12-02;11:00:00;12:00:00;2185
0c2639f4-bec1-428e-abad-c95a3a78de58;50;Coruña The Style Outlets;2023-12-02;12:00:00;13:00:00;2729
0c2639f4-bec1-428e-abad-c95a3a78de58;50;Coruña The Style Outlets;2023-12-02;13:00:00;14:00:00;2658
0c2639f4-bec1-428e-abad-c95a3a78de58;50;Coruña The Style Outlets;2023-12-02;14:00:00;15:00:00;2850
0c2639f4-bec1-428e-abad-c95a3a78de58;50;Coruña The Style Outlets;2023-12-02;15:00:00;16:00:00;2638
0c2639f4-bec1-428e-abad-c95a3a78de58;50;Coruña The Style Outlets;2023-12-02;16:00:00;17:00:00;3069
0c2639f4-bec1-428e-abad-c95a3a78de58;50;Coruña The Style Outlets;2023-12-02;17:00:00;18:00:00;3411
0c2639f4-bec1-428e-abad-c95a3a78de58;50;Coruña The Style Outlets;2023-12-02;18:00:00;19:00:00;3597
0c2639f4-bec1-428e-abad-c95a3a78de58;50;Coruña The Style Outlets;2023-12-02;19:00:00;20:00:00;3527
0c2639f4-bec1-428e-abad-c95a3a78de58;50;Coruña The Style Outlets;2023-12-02;20:00:00;21:00:00;2760
0c2639f4-bec1-428e-abad-c95a3a78de58;50;Coruña The Style Outlets;2023-12-02;21:00:00;22:00:00;2142
0c2639f4-bec1-428e-abad-c95a3a78de58;50;Coruña The Style Outlets;2023-12-03;10:00:00;11:00:00;0
0c2639f4-bec1-428e-abad-c95a3a78de58;50;Coruña The Style Outlets;2023-12-03;11:00:00;12:00:00;0
0c2639f4-bec1-428e-abad-c95a3a78de58;50;Coruña The Style Outlets;2023-12-03;12:00:00;13:00:00;0
0c2639f4-bec1-428e-abad-c95a3a78de58;50;Coruña The Style Outlets;2023-12-03;13:00:00;14:00:00;0
0c2639f4-bec1-428e-abad-c95a3a78de58;50;Coruña The Style Outlets;2023-12-03;14:00:00;15:00:00;0
0c2639f4-bec1-428e-abad-c95a3a78de58;50;Coruña The Style Outlets;2023-12-03;15:00:00;16:00:00;0
0c2639f4-bec1-428e-abad-c95a3a78de58;50;Coruña The Style Outlets;2023-12-03;16:00:00;17:00:00;0
0c2639f4-bec1-428e-abad-c95a3a78de58;50;Coruña The Style Outlets;2023-12-03;17:00:00;18:00:00;0
0c2639f4-bec1-428e-abad-c95a3a78de58;50;Coruña The Style Outlets;2023-12-03;18:00:00;19:00:00;0
0c2639f4-bec1-428e-abad-c95a3a78de58;50;Coruña The Style Outlets;2023-12-03;19:00:00;20:00:00;0
0c2639f4-bec1-428e-abad-c95a3a78de58;50;Coruña The Style Outlets;2023-12-03;20:00:00;21:00:00;0
0c2639f4-bec1-428e-abad-c95a3a78de58;50;Coruña The Style Outlets;2023-12-03;21:00:00;22:00:00;0
b3c672c8-277c-4dd2-8450-802c3daca800;95;El Arcángel;2023-11-27;10:00:00;11:00:00;1404
b3c672c8-277c-4dd2-8450-802c3daca800;95;El Arcángel;2023-11-27;11:00:00;12:00:00;1801
b3c672c8-277c-4dd2-8450-802c3daca800;95;El Arcángel;2023-11-27;12:00:00;13:00:00;2104
b3c672c8-277c-4dd2-8450-802c3daca800;95;El Arcángel;2023-11-27;13:00:00;14:00:00;1876
b3c672c8-277c-4dd2-8450-802c3daca800;95;El Arcángel;2023-11-27;14:00:00;15:00:00;1783
b3c672c8-277c-4dd2-8450-802c3daca800;95;El Arcángel;2023-11-27;15:00:00;16:00:00;2051
b3c672c8-277c-4dd2-8450-802c3daca800;95;El Arcángel;2023-11-27;16:00:00;17:00:00;1884
b3c672c8-277c-4dd2-8450-802c3daca800;95;El Arcángel;2023-11-27;17:00:00;18:00:00;1943
b3c672c8-277c-4dd2-8450-802c3daca800;95;El Arcángel;2023-11-27;18:00:00;19:00:00;2788
b3c672c8-277c-4dd2-8450-802c3daca800;95;El Arcángel;2023-11-27;19:00:00;20:00:00;2960
b3c672c8-277c-4dd2-8450-802c3daca800;95;El Arcángel;2023-11-27;20:00:00;21:00:00;2737
b3c672c8-277c-4dd2-8450-802c3daca800;95;El Arcángel;2023-11-27;21:00:00;22:00:00;2213
b3c672c8-277c-4dd2-8450-802c3daca800;95;El Arcángel;2023-11-28;10:00:00;11:00:00;1473
b3c672c8-277c-4dd2-8450-802c3daca800;95;El Arcángel;2023-11-28;11:00:00;12:00:00;1982
b3c672c8-277c-4dd2-8450-802c3daca800;95;El Arcángel;2023-11-28;12:00:00;13:00:00;2256
b3c672c8-277c-4dd2-8450-802c3daca800;95;El Arcángel;2023-11-28;13:00:00;14:00:00;2027
b3c672c8-277c-4dd2-8450-802c3daca800;95;El Arcángel;2023-11-28;14:00:00;15:00:00;2029
b3c672c8-277c-4dd2-8450-802c3daca800;95;El Arcángel;2023-11-28;15:00:00;16:00:00;1848
b3c672c8-277c-4dd2-8450-802c3daca800;95;El Arcángel;2023-11-28;16:00:00;17:00:00;1931
b3c672c8-277c-4dd2-8450-802c3daca800;95;El Arcángel;2023-11-28;17:00:00;18:00:00;2503
b3c672c8-277c-4dd2-8450-802c3daca800;95;El Arcángel;2023-11-28;18:00:00;19:00:00;3095
b3c672c8-277c-4dd2-8450-802c3daca800;95;El Arcángel;2023-11-28;19:00:00;20:00:00;2929
b3c672c8-277c-4dd2-8450-802c3daca800;95;El Arcángel;2023-11-28;20:00:00;21:00:00;2529
b3c672c8-277c-4dd2-8450-802c3daca800;95;El Arcángel;2023-11-28;21:00:00;22:00:00;1836
b3c672c8-277c-4dd2-8450-802c3daca800;95;El Arcángel;2023-11-29;10:00:00;11:00:00;1258
b3c672c8-277c-4dd2-8450-802c3daca800;95;El Arcángel;2023-11-29;11:00:00;12:00:00;1785
b3c672c8-277c-4dd2-8450-802c3daca800;95;El Arcángel;2023-11-29;12:00:00;13:00:00;2061
b3c672c8-277c-4dd2-8450-802c3daca800;95;El Arcángel;2023-11-29;13:00:00;14:00:00;2325
b3c672c8-277c-4dd2-8450-802c3daca800;95;El Arcángel;2023-11-29;14:00:00;15:00:00;2227
b3c672c8-277c-4dd2-8450-802c3daca800;95;El Arcángel;2023-11-29;15:00:00;16:00:00;2114
b3c672c8-277c-4dd2-8450-802c3daca800;95;El Arcángel;2023-11-29;16:00:00;17:00:00;2076
b3c672c8-277c-4dd2-8450-802c3daca800;95;El Arcángel;2023-11-29;17:00:00;18:00:00;2095
b3c672c8-277c-4dd2-8450-802c3daca800;95;El Arcángel;2023-11-29;18:00:00;19:00:00;2664
b3c672c8-277c-4dd2-8450-802c3daca800;95;El Arcángel;2023-11-29;19:00:00;20:00:00;2987
b3c672c8-277c-4dd2-8450-802c3daca800;95;El Arcángel;2023-11-29;20:00:00;21:00:00;2677
b3c672c8-277c-4dd2-8450-802c3daca800;95;El Arcángel;2023-11-29;21:00:00;22:00:00;2045
b3c672c8-277c-4dd2-8450-802c3daca800;95;El Arcángel;2023-11-30;10:00:00;11:00:00;1335
b3c672c8-277c-4dd2-8450-802c3daca800;95;El Arcángel;2023-11-30;11:00:00;12:00:00;1660
b3c672c8-277c-4dd2-8450-802c3daca800;95;El Arcángel;2023-11-30;12:00:00;13:00:00;1822
b3c672c8-277c-4dd2-8450-802c3daca800;95;El Arcángel;2023-11-30;13:00:00;14:00:00;1790
b3c672c8-277c-4dd2-8450-802c3daca800;95;El Arcángel;2023-11-30;14:00:00;15:00:00;1843
b3c672c8-277c-4dd2-8450-802c3daca800;95;El Arcángel;2023-11-30;15:00:00;16:00:00;1804
b3c672c8-277c-4dd2-8450-802c3daca800;95;El Arcángel;2023-11-30;16:00:00;17:00:00;1703
b3c672c8-277c-4dd2-8450-802c3daca800;95;El Arcángel;2023-11-30;17:00:00;18:00:00;1921
b3c672c8-277c-4dd2-8450-802c3daca800;95;El Arcángel;2023-11-30;18:00:00;19:00:00;2114
b3c672c8-277c-4dd2-8450-802c3daca800;95;El Arcángel;2023-11-30;19:00:00;20:00:00;2486
b3c672c8-277c-4dd2-8450-802c3daca800;95;El Arcángel;2023-11-30;20:00:00;21:00:00;2045
b3c672c8-277c-4dd2-8450-802c3daca800;95;El Arcángel;2023-11-30;21:00:00;22:00:00;1603
b3c672c8-277c-4dd2-8450-802c3daca800;95;El Arcángel;2023-12-01;10:00:00;11:00:00;1462
b3c672c8-277c-4dd2-8450-802c3daca800;95;El Arcángel;2023-12-01;11:00:00;12:00:00;1964
b3c672c8-277c-4dd2-8450-802c3daca800;95;El Arcángel;2023-12-01;12:00:00;13:00:00;1911
b3c672c8-277c-4dd2-8450-802c3daca800;95;El Arcángel;2023-12-01;13:00:00;14:00:00;2041
b3c672c8-277c-4dd2-8450-802c3daca800;95;El Arcángel;2023-12-01;14:00:00;15:00:00;2347
b3c672c8-277c-4dd2-8450-802c3daca800;95;El Arcángel;2023-12-01;15:00:00;16:00:00;2190
b3c672c8-277c-4dd2-8450-802c3daca800;95;El Arcángel;2023-12-01;16:00:00;17:00:00;2503
b3c672c8-277c-4dd2-8450-802c3daca800;95;El Arcángel;2023-12-01;17:00:00;18:00:00;2972
b3c672c8-277c-4dd2-8450-802c3daca800;95;El Arcángel;2023-12-01;18:00:00;19:00:00;3270
b3c672c8-277c-4dd2-8450-802c3daca800;95;El Arcángel;2023-12-01;19:00:00;20:00:00;4004
b3c672c8-277c-4dd2-8450-802c3daca800;95;El Arcángel;2023-12-01;20:00:00;21:00:00;3831
b3c672c8-277c-4dd2-8450-802c3daca800;95;El Arcángel;2023-12-01;21:00:00;22:00:00;3473
b3c672c8-277c-4dd2-8450-802c3daca800;95;El Arcángel;2023-12-02;10:00:00;11:00:00;1298
b3c672c8-277c-4dd2-8450-802c3daca800;95;El Arcángel;2023-12-02;11:00:00;12:00:00;2076
b3c672c8-277c-4dd2-8450-802c3daca800;95;El Arcángel;2023-12-02;12:00:00;13:00:00;2964
b3c672c8-277c-4dd2-8450-802c3daca800;95;El Arcángel;2023-12-02;13:00:00;14:00:00;3774
b3c672c8-277c-4dd2-8450-802c3daca800;95;El Arcángel;2023-12-02;14:00:00;15:00:00;4390
b3c672c8-277c-4dd2-8450-802c3daca800;95;El Arcángel;2023-12-02;15:00:00;16:00:00;4480
b3c672c8-277c-4dd2-8450-802c3daca800;95;El Arcángel;2023-12-02;16:00:00;17:00:00;4272
b3c672c8-277c-4dd2-8450-802c3daca800;95;El Arcángel;2023-12-02;17:00:00;18:00:00;5165
b3c672c8-277c-4dd2-8450-802c3daca800;95;El Arcángel;2023-12-02;18:00:00;19:00:00;5613
b3c672c8-277c-4dd2-8450-802c3daca800;95;El Arcángel;2023-12-02;19:00:00;20:00:00;5575
b3c672c8-277c-4dd2-8450-802c3daca800;95;El Arcángel;2023-12-02;20:00:00;21:00:00;5060
b3c672c8-277c-4dd2-8450-802c3daca800;95;El Arcángel;2023-12-02;21:00:00;22:00:00;4422
b3c672c8-277c-4dd2-8450-802c3daca800;95;El Arcángel;2023-12-03;10:00:00;11:00:00;0
b3c672c8-277c-4dd2-8450-802c3daca800;95;El Arcángel;2023-12-03;11:00:00;12:00:00;0
b3c672c8-277c-4dd2-8450-802c3daca800;95;El Arcángel;2023-12-03;12:00:00;13:00:00;0
b3c672c8-277c-4dd2-8450-802c3daca800;95;El Arcángel;2023-12-03;13:00:00;14:00:00;0
b3c672c8-277c-4dd2-8450-802c3daca800;95;El Arcángel;2023-12-03;14:00:00;15:00:00;0
b3c672c8-277c-4dd2-8450-802c3daca800;95;El Arcángel;2023-12-03;15:00:00;16:00:00;0
b3c672c8-277c-4dd2-8450-802c3daca800;95;El Arcángel;2023-12-03;16:00:00;17:00:00;0
b3c672c8-277c-4dd2-8450-802c3daca800;95;El Arcángel;2023-12-03;17:00:00;18:00:00;0
b3c672c8-277c-4dd2-8450-802c3daca800;95;El Arcángel;2023-12-03;18:00:00;19:00:00;0
b3c672c8-277c-4dd2-8450-802c3daca800;95;El Arcángel;2023-12-03;19:00:00;20:00:00;0
b3c672c8-277c-4dd2-8450-802c3daca800;95;El Arcángel;2023-12-03;20:00:00;21:00:00;0
b3c672c8-277c-4dd2-8450-802c3daca800;95;El Arcángel;2023-12-03;21:00:00;22:00:00;0
db21a149-6720-4f2d-8cd5-e40df385d04b;57;El Deleite;2023-11-27;10:00:00;11:00:00;21
db21a149-6720-4f2d-8cd5-e40df385d04b;57;El Deleite;2023-11-27;11:00:00;12:00:00;40
db21a149-6720-4f2d-8cd5-e40df385d04b;57;El Deleite;2023-11-27;12:00:00;13:00:00;52
db21a149-6720-4f2d-8cd5-e40df385d04b;57;El Deleite;2023-11-27;13:00:00;14:00:00;32
db21a149-6720-4f2d-8cd5-e40df385d04b;57;El Deleite;2023-11-27;14:00:00;15:00:00;27
db21a149-6720-4f2d-8cd5-e40df385d04b;57;El Deleite;2023-11-27;15:00:00;16:00:00;29
db21a149-6720-4f2d-8cd5-e40df385d04b;57;El Deleite;2023-11-27;16:00:00;17:00:00;24
db21a149-6720-4f2d-8cd5-e40df385d04b;57;El Deleite;2023-11-27;17:00:00;18:00:00;55
db21a149-6720-4f2d-8cd5-e40df385d04b;57;El Deleite;2023-11-27;18:00:00;19:00:00;49
db21a149-6720-4f2d-8cd5-e40df385d04b;57;El Deleite;2023-11-27;19:00:00;20:00:00;47
db21a149-6720-4f2d-8cd5-e40df385d04b;57;El Deleite;2023-11-27;20:00:00;21:00:00;27
db21a149-6720-4f2d-8cd5-e40df385d04b;57;El Deleite;2023-11-27;21:00:00;22:00:00;5
db21a149-6720-4f2d-8cd5-e40df385d04b;57;El Deleite;2023-11-28;10:00:00;11:00:00;21
db21a149-6720-4f2d-8cd5-e40df385d04b;57;El Deleite;2023-11-28;11:00:00;12:00:00;30
db21a149-6720-4f2d-8cd5-e40df385d04b;57;El Deleite;2023-11-28;12:00:00;13:00:00;34
db21a149-6720-4f2d-8cd5-e40df385d04b;57;El Deleite;2023-11-28;13:00:00;14:00:00;30
db21a149-6720-4f2d-8cd5-e40df385d04b;57;El Deleite;2023-11-28;14:00:00;15:00:00;34
db21a149-6720-4f2d-8cd5-e40df385d04b;57;El Deleite;2023-11-28;15:00:00;16:00:00;29
db21a149-6720-4f2d-8cd5-e40df385d04b;57;El Deleite;2023-11-28;16:00:00;17:00:00;22
db21a149-6720-4f2d-8cd5-e40df385d04b;57;El Deleite;2023-11-28;17:00:00;18:00:00;30
db21a149-6720-4f2d-8cd5-e40df385d04b;57;El Deleite;2023-11-28;18:00:00;19:00:00;27
db21a149-6720-4f2d-8cd5-e40df385d04b;57;El Deleite;2023-11-28;19:00:00;20:00:00;19
db21a149-6720-4f2d-8cd5-e40df385d04b;57;El Deleite;2023-11-28;20:00:00;21:00:00;25
db21a149-6720-4f2d-8cd5-e40df385d04b;57;El Deleite;2023-11-28;21:00:00;22:00:00;4
db21a149-6720-4f2d-8cd5-e40df385d04b;57;El Deleite;2023-11-29;10:00:00;11:00:00;27
db21a149-6720-4f2d-8cd5-e40df385d04b;57;El Deleite;2023-11-29;11:00:00;12:00:00;31
db21a149-6720-4f2d-8cd5-e40df385d04b;57;El Deleite;2023-11-29;12:00:00;13:00:00;30
db21a149-6720-4f2d-8cd5-e40df385d04b;57;El Deleite;2023-11-29;13:00:00;14:00:00;69
db21a149-6720-4f2d-8cd5-e40df385d04b;57;El Deleite;2023-11-29;14:00:00;15:00:00;40
db21a149-6720-4f2d-8cd5-e40df385d04b;57;El Deleite;2023-11-29;15:00:00;16:00:00;55
db21a149-6720-4f2d-8cd5-e40df385d04b;57;El Deleite;2023-11-29;16:00:00;17:00:00;62
db21a149-6720-4f2d-8cd5-e40df385d04b;57;El Deleite;2023-11-29;17:00:00;18:00:00;37
db21a149-6720-4f2d-8cd5-e40df385d04b;57;El Deleite;2023-11-29;18:00:00;19:00:00;56
db21a149-6720-4f2d-8cd5-e40df385d04b;57;El Deleite;2023-11-29;19:00:00;20:00:00;32
db21a149-6720-4f2d-8cd5-e40df385d04b;57;El Deleite;2023-11-29;20:00:00;21:00:00;29
db21a149-6720-4f2d-8cd5-e40df385d04b;57;El Deleite;2023-11-29;21:00:00;22:00:00;6
db21a149-6720-4f2d-8cd5-e40df385d04b;57;El Deleite;2023-11-30;10:00:00;11:00:00;39
db21a149-6720-4f2d-8cd5-e40df385d04b;57;El Deleite;2023-11-30;11:00:00;12:00:00;38
db21a149-6720-4f2d-8cd5-e40df385d04b;57;El Deleite;2023-11-30;12:00:00;13:00:00;43
db21a149-6720-4f2d-8cd5-e40df385d04b;57;El Deleite;2023-11-30;13:00:00;14:00:00;36
db21a149-6720-4f2d-8cd5-e40df385d04b;57;El Deleite;2023-11-30;14:00:00;15:00:00;49
db21a149-6720-4f2d-8cd5-e40df385d04b;57;El Deleite;2023-11-30;15:00:00;16:00:00;26
db21a149-6720-4f2d-8cd5-e40df385d04b;57;El Deleite;2023-11-30;16:00:00;17:00:00;25
db21a149-6720-4f2d-8cd5-e40df385d04b;57;El Deleite;2023-11-30;17:00:00;18:00:00;23
db21a149-6720-4f2d-8cd5-e40df385d04b;57;El Deleite;2023-11-30;18:00:00;19:00:00;40
db21a149-6720-4f2d-8cd5-e40df385d04b;57;El Deleite;2023-11-30;19:00:00;20:00:00;20
db21a149-6720-4f2d-8cd5-e40df385d04b;57;El Deleite;2023-11-30;20:00:00;21:00:00;32
db21a149-6720-4f2d-8cd5-e40df385d04b;57;El Deleite;2023-11-30;21:00:00;22:00:00;5
db21a149-6720-4f2d-8cd5-e40df385d04b;57;El Deleite;2023-12-01;10:00:00;11:00:00;34
db21a149-6720-4f2d-8cd5-e40df385d04b;57;El Deleite;2023-12-01;11:00:00;12:00:00;37
db21a149-6720-4f2d-8cd5-e40df385d04b;57;El Deleite;2023-12-01;12:00:00;13:00:00;25
db21a149-6720-4f2d-8cd5-e40df385d04b;57;El Deleite;2023-12-01;13:00:00;14:00:00;33
db21a149-6720-4f2d-8cd5-e40df385d04b;57;El Deleite;2023-12-01;14:00:00;15:00:00;24
db21a149-6720-4f2d-8cd5-e40df385d04b;57;El Deleite;2023-12-01;15:00:00;16:00:00;29
db21a149-6720-4f2d-8cd5-e40df385d04b;57;El Deleite;2023-12-01;16:00:00;17:00:00;24
db21a149-6720-4f2d-8cd5-e40df385d04b;57;El Deleite;2023-12-01;17:00:00;18:00:00;22
db21a149-6720-4f2d-8cd5-e40df385d04b;57;El Deleite;2023-12-01;18:00:00;19:00:00;35
db21a149-6720-4f2d-8cd5-e40df385d04b;57;El Deleite;2023-12-01;19:00:00;20:00:00;24
db21a149-6720-4f2d-8cd5-e40df385d04b;57;El Deleite;2023-12-01;20:00:00;21:00:00;21
db21a149-6720-4f2d-8cd5-e40df385d04b;57;El Deleite;2023-12-01;21:00:00;22:00:00;4
db21a149-6720-4f2d-8cd5-e40df385d04b;57;El Deleite;2023-12-02;10:00:00;11:00:00;45
db21a149-6720-4f2d-8cd5-e40df385d04b;57;El Deleite;2023-12-02;11:00:00;12:00:00;33
db21a149-6720-4f2d-8cd5-e40df385d04b;57;El Deleite;2023-12-02;12:00:00;13:00:00;28
db21a149-6720-4f2d-8cd5-e40df385d04b;57;El Deleite;2023-12-02;13:00:00;14:00:00;27
db21a149-6720-4f2d-8cd5-e40df385d04b;57;El Deleite;2023-12-02;14:00:00;15:00:00;32
db21a149-6720-4f2d-8cd5-e40df385d04b;57;El Deleite;2023-12-02;15:00:00;16:00:00;17
db21a149-6720-4f2d-8cd5-e40df385d04b;57;El Deleite;2023-12-02;16:00:00;17:00:00;29
db21a149-6720-4f2d-8cd5-e40df385d04b;57;El Deleite;2023-12-02;17:00:00;18:00:00;67
db21a149-6720-4f2d-8cd5-e40df385d04b;57;El Deleite;2023-12-02;18:00:00;19:00:00;36
db21a149-6720-4f2d-8cd5-e40df385d04b;57;El Deleite;2023-12-02;19:00:00;20:00:00;38
db21a149-6720-4f2d-8cd5-e40df385d04b;57;El Deleite;2023-12-02;20:00:00;21:00:00;29
db21a149-6720-4f2d-8cd5-e40df385d04b;57;El Deleite;2023-12-02;21:00:00;22:00:00;6
db21a149-6720-4f2d-8cd5-e40df385d04b;57;El Deleite;2023-12-03;10:00:00;11:00:00;16
db21a149-6720-4f2d-8cd5-e40df385d04b;57;El Deleite;2023-12-03;11:00:00;12:00:00;27
db21a149-6720-4f2d-8cd5-e40df385d04b;57;El Deleite;2023-12-03;12:00:00;13:00:00;24
db21a149-6720-4f2d-8cd5-e40df385d04b;57;El Deleite;2023-12-03;13:00:00;14:00:00;18
db21a149-6720-4f2d-8cd5-e40df385d04b;57;El Deleite;2023-12-03;14:00:00;15:00:00;17
db21a149-6720-4f2d-8cd5-e40df385d04b;57;El Deleite;2023-12-03;15:00:00;16:00:00;19
db21a149-6720-4f2d-8cd5-e40df385d04b;57;El Deleite;2023-12-03;16:00:00;17:00:00;28
db21a149-6720-4f2d-8cd5-e40df385d04b;57;El Deleite;2023-12-03;17:00:00;18:00:00;43
db21a149-6720-4f2d-8cd5-e40df385d04b;57;El Deleite;2023-12-03;18:00:00;19:00:00;31
db21a149-6720-4f2d-8cd5-e40df385d04b;57;El Deleite;2023-12-03;19:00:00;20:00:00;18
db21a149-6720-4f2d-8cd5-e40df385d04b;57;El Deleite;2023-12-03;20:00:00;21:00:00;31
db21a149-6720-4f2d-8cd5-e40df385d04b;57;El Deleite;2023-12-03;21:00:00;22:00:00;6
cbb1f955-6ce2-4dd7-8c26-4bb8d4085418;67;El Encinar;2023-11-27;10:00:00;11:00:00;570
cbb1f955-6ce2-4dd7-8c26-4bb8d4085418;67;El Encinar;2023-11-27;11:00:00;12:00:00;612
cbb1f955-6ce2-4dd7-8c26-4bb8d4085418;67;El Encinar;2023-11-27;12:00:00;13:00:00;598
cbb1f955-6ce2-4dd7-8c26-4bb8d4085418;67;El Encinar;2023-11-27;13:00:00;14:00:00;589
cbb1f955-6ce2-4dd7-8c26-4bb8d4085418;67;El Encinar;2023-11-27;14:00:00;15:00:00;627
cbb1f955-6ce2-4dd7-8c26-4bb8d4085418;67;El Encinar;2023-11-27;15:00:00;16:00:00;664
cbb1f955-6ce2-4dd7-8c26-4bb8d4085418;67;El Encinar;2023-11-27;16:00:00;17:00:00;774
cbb1f955-6ce2-4dd7-8c26-4bb8d4085418;67;El Encinar;2023-11-27;17:00:00;18:00:00;716
cbb1f955-6ce2-4dd7-8c26-4bb8d4085418;67;El Encinar;2023-11-27;18:00:00;19:00:00;640
cbb1f955-6ce2-4dd7-8c26-4bb8d4085418;67;El Encinar;2023-11-27;19:00:00;20:00:00;647
cbb1f955-6ce2-4dd7-8c26-4bb8d4085418;67;El Encinar;2023-11-27;20:00:00;21:00:00;623
cbb1f955-6ce2-4dd7-8c26-4bb8d4085418;67;El Encinar;2023-11-27;21:00:00;22:00:00;594
cbb1f955-6ce2-4dd7-8c26-4bb8d4085418;67;El Encinar;2023-11-28;10:00:00;11:00:00;616
cbb1f955-6ce2-4dd7-8c26-4bb8d4085418;67;El Encinar;2023-11-28;11:00:00;12:00:00;655
cbb1f955-6ce2-4dd7-8c26-4bb8d4085418;67;El Encinar;2023-11-28;12:00:00;13:00:00;745
cbb1f955-6ce2-4dd7-8c26-4bb8d4085418;67;El Encinar;2023-11-28;13:00:00;14:00:00;760
cbb1f955-6ce2-4dd7-8c26-4bb8d4085418;67;El Encinar;2023-11-28;14:00:00;15:00:00;682
cbb1f955-6ce2-4dd7-8c26-4bb8d4085418;67;El Encinar;2023-11-28;15:00:00;16:00:00;693
cbb1f955-6ce2-4dd7-8c26-4bb8d4085418;67;El Encinar;2023-11-28;16:00:00;17:00:00;765
cbb1f955-6ce2-4dd7-8c26-4bb8d4085418;67;El Encinar;2023-11-28;17:00:00;18:00:00;658
cbb1f955-6ce2-4dd7-8c26-4bb8d4085418;67;El Encinar;2023-11-28;18:00:00;19:00:00;626
cbb1f955-6ce2-4dd7-8c26-4bb8d4085418;67;El Encinar;2023-11-28;19:00:00;20:00:00;645
cbb1f955-6ce2-4dd7-8c26-4bb8d4085418;67;El Encinar;2023-11-28;20:00:00;21:00:00;635
cbb1f955-6ce2-4dd7-8c26-4bb8d4085418;67;El Encinar;2023-11-28;21:00:00;22:00:00;505
cbb1f955-6ce2-4dd7-8c26-4bb8d4085418;67;El Encinar;2023-11-29;10:00:00;11:00:00;628
cbb1f955-6ce2-4dd7-8c26-4bb8d4085418;67;El Encinar;2023-11-29;11:00:00;12:00:00;592
cbb1f955-6ce2-4dd7-8c26-4bb8d4085418;67;El Encinar;2023-11-29;12:00:00;13:00:00;685
cbb1f955-6ce2-4dd7-8c26-4bb8d4085418;67;El Encinar;2023-11-29;13:00:00;14:00:00;668
cbb1f955-6ce2-4dd7-8c26-4bb8d4085418;67;El Encinar;2023-11-29;14:00:00;15:00:00;662
cbb1f955-6ce2-4dd7-8c26-4bb8d4085418;67;El Encinar;2023-11-29;15:00:00;16:00:00;796
cbb1f955-6ce2-4dd7-8c26-4bb8d4085418;67;El Encinar;2023-11-29;16:00:00;17:00:00;766
cbb1f955-6ce2-4dd7-8c26-4bb8d4085418;67;El Encinar;2023-11-29;17:00:00;18:00:00;692
cbb1f955-6ce2-4dd7-8c26-4bb8d4085418;67;El Encinar;2023-11-29;18:00:00;19:00:00;575
cbb1f955-6ce2-4dd7-8c26-4bb8d4085418;67;El Encinar;2023-11-29;19:00:00;20:00:00;661
cbb1f955-6ce2-4dd7-8c26-4bb8d4085418;67;El Encinar;2023-11-29;20:00:00;21:00:00;571
cbb1f955-6ce2-4dd7-8c26-4bb8d4085418;67;El Encinar;2023-11-29;21:00:00;22:00:00;486
cbb1f955-6ce2-4dd7-8c26-4bb8d4085418;67;El Encinar;2023-11-30;10:00:00;11:00:00;544
cbb1f955-6ce2-4dd7-8c26-4bb8d4085418;67;El Encinar;2023-11-30;11:00:00;12:00:00;588
cbb1f955-6ce2-4dd7-8c26-4bb8d4085418;67;El Encinar;2023-11-30;12:00:00;13:00:00;629
cbb1f955-6ce2-4dd7-8c26-4bb8d4085418;67;El Encinar;2023-11-30;13:00:00;14:00:00;617
cbb1f955-6ce2-4dd7-8c26-4bb8d4085418;67;El Encinar;2023-11-30;14:00:00;15:00:00;669
cbb1f955-6ce2-4dd7-8c26-4bb8d4085418;67;El Encinar;2023-11-30;15:00:00;16:00:00;643
cbb1f955-6ce2-4dd7-8c26-4bb8d4085418;67;El Encinar;2023-11-30;16:00:00;17:00:00;687
cbb1f955-6ce2-4dd7-8c26-4bb8d4085418;67;El Encinar;2023-11-30;17:00:00;18:00:00;581
cbb1f955-6ce2-4dd7-8c26-4bb8d4085418;67;El Encinar;2023-11-30;18:00:00;19:00:00;579
cbb1f955-6ce2-4dd7-8c26-4bb8d4085418;67;El Encinar;2023-11-30;19:00:00;20:00:00;648
cbb1f955-6ce2-4dd7-8c26-4bb8d4085418;67;El Encinar;2023-11-30;20:00:00;21:00:00;555
cbb1f955-6ce2-4dd7-8c26-4bb8d4085418;67;El Encinar;2023-11-30;21:00:00;22:00:00;473
cbb1f955-6ce2-4dd7-8c26-4bb8d4085418;67;El Encinar;2023-12-01;10:00:00;11:00:00;650
cbb1f955-6ce2-4dd7-8c26-4bb8d4085418;67;El Encinar;2023-12-01;11:00:00;12:00:00;680
cbb1f955-6ce2-4dd7-8c26-4bb8d4085418;67;El Encinar;2023-12-01;12:00:00;13:00:00;688
cbb1f955-6ce2-4dd7-8c26-4bb8d4085418;67;El Encinar;2023-12-01;13:00:00;14:00:00;727
cbb1f955-6ce2-4dd7-8c26-4bb8d4085418;67;El Encinar;2023-12-01;14:00:00;15:00:00;711
cbb1f955-6ce2-4dd7-8c26-4bb8d4085418;67;El Encinar;2023-12-01;15:00:00;16:00:00;755
cbb1f955-6ce2-4dd7-8c26-4bb8d4085418;67;El Encinar;2023-12-01;16:00:00;17:00:00;865
cbb1f955-6ce2-4dd7-8c26-4bb8d4085418;67;El Encinar;2023-12-01;17:00:00;18:00:00;722
cbb1f955-6ce2-4dd7-8c26-4bb8d4085418;67;El Encinar;2023-12-01;18:00:00;19:00:00;721
cbb1f955-6ce2-4dd7-8c26-4bb8d4085418;67;El Encinar;2023-12-01;19:00:00;20:00:00;812
cbb1f955-6ce2-4dd7-8c26-4bb8d4085418;67;El Encinar;2023-12-01;20:00:00;21:00:00;780
cbb1f955-6ce2-4dd7-8c26-4bb8d4085418;67;El Encinar;2023-12-01;21:00:00;22:00:00;621
cbb1f955-6ce2-4dd7-8c26-4bb8d4085418;67;El Encinar;2023-12-02;10:00:00;11:00:00;719
cbb1f955-6ce2-4dd7-8c26-4bb8d4085418;67;El Encinar;2023-12-02;11:00:00;12:00:00;736
cbb1f955-6ce2-4dd7-8c26-4bb8d4085418;67;El Encinar;2023-12-02;12:00:00;13:00:00;694
cbb1f955-6ce2-4dd7-8c26-4bb8d4085418;67;El Encinar;2023-12-02;13:00:00;14:00:00;735
cbb1f955-6ce2-4dd7-8c26-4bb8d4085418;67;El Encinar;2023-12-02;14:00:00;15:00:00;629
cbb1f955-6ce2-4dd7-8c26-4bb8d4085418;67;El Encinar;2023-12-02;15:00:00;16:00:00;604
cbb1f955-6ce2-4dd7-8c26-4bb8d4085418;67;El Encinar;2023-12-02;16:00:00;17:00:00;619
cbb1f955-6ce2-4dd7-8c26-4bb8d4085418;67;El Encinar;2023-12-02;17:00:00;18:00:00;670
cbb1f955-6ce2-4dd7-8c26-4bb8d4085418;67;El Encinar;2023-12-02;18:00:00;19:00:00;602
cbb1f955-6ce2-4dd7-8c26-4bb8d4085418;67;El Encinar;2023-12-02;19:00:00;20:00:00;685
cbb1f955-6ce2-4dd7-8c26-4bb8d4085418;67;El Encinar;2023-12-02;20:00:00;21:00:00;570
cbb1f955-6ce2-4dd7-8c26-4bb8d4085418;67;El Encinar;2023-12-02;21:00:00;22:00:00;491
cbb1f955-6ce2-4dd7-8c26-4bb8d4085418;67;El Encinar;2023-12-03;10:00:00;11:00:00;517
cbb1f955-6ce2-4dd7-8c26-4bb8d4085418;67;El Encinar;2023-12-03;11:00:00;12:00:00;533
cbb1f955-6ce2-4dd7-8c26-4bb8d4085418;67;El Encinar;2023-12-03;12:00:00;13:00:00;560
cbb1f955-6ce2-4dd7-8c26-4bb8d4085418;67;El Encinar;2023-12-03;13:00:00;14:00:00;556
cbb1f955-6ce2-4dd7-8c26-4bb8d4085418;67;El Encinar;2023-12-03;14:00:00;15:00:00;453
cbb1f955-6ce2-4dd7-8c26-4bb8d4085418;67;El Encinar;2023-12-03;15:00:00;16:00:00;430
cbb1f955-6ce2-4dd7-8c26-4bb8d4085418;67;El Encinar;2023-12-03;16:00:00;17:00:00;437
cbb1f955-6ce2-4dd7-8c26-4bb8d4085418;67;El Encinar;2023-12-03;17:00:00;18:00:00;575
cbb1f955-6ce2-4dd7-8c26-4bb8d4085418;67;El Encinar;2023-12-03;18:00:00;19:00:00;557
cbb1f955-6ce2-4dd7-8c26-4bb8d4085418;67;El Encinar;2023-12-03;19:00:00;20:00:00;489
cbb1f955-6ce2-4dd7-8c26-4bb8d4085418;67;El Encinar;2023-12-03;20:00:00;21:00:00;558
cbb1f955-6ce2-4dd7-8c26-4bb8d4085418;67;El Encinar;2023-12-03;21:00:00;22:00:00;513
d6e10447-60ed-4a71-a658-ec05fbe6b017;16;El Parque de Ciudad Real;2023-11-27;10:00:00;11:00:00;268
d6e10447-60ed-4a71-a658-ec05fbe6b017;16;El Parque de Ciudad Real;2023-11-27;11:00:00;12:00:00;260
d6e10447-60ed-4a71-a658-ec05fbe6b017;16;El Parque de Ciudad Real;2023-11-27;12:00:00;13:00:00;248
d6e10447-60ed-4a71-a658-ec05fbe6b017;16;El Parque de Ciudad Real;2023-11-27;13:00:00;14:00:00;260
d6e10447-60ed-4a71-a658-ec05fbe6b017;16;El Parque de Ciudad Real;2023-11-27;14:00:00;15:00:00;309
d6e10447-60ed-4a71-a658-ec05fbe6b017;16;El Parque de Ciudad Real;2023-11-27;15:00:00;16:00:00;328
d6e10447-60ed-4a71-a658-ec05fbe6b017;16;El Parque de Ciudad Real;2023-11-27;16:00:00;17:00:00;250
d6e10447-60ed-4a71-a658-ec05fbe6b017;16;El Parque de Ciudad Real;2023-11-27;17:00:00;18:00:00;374
d6e10447-60ed-4a71-a658-ec05fbe6b017;16;El Parque de Ciudad Real;2023-11-27;18:00:00;19:00:00;402
d6e10447-60ed-4a71-a658-ec05fbe6b017;16;El Parque de Ciudad Real;2023-11-27;19:00:00;20:00:00;331
d6e10447-60ed-4a71-a658-ec05fbe6b017;16;El Parque de Ciudad Real;2023-11-27;20:00:00;21:00:00;253
d6e10447-60ed-4a71-a658-ec05fbe6b017;16;El Parque de Ciudad Real;2023-11-27;21:00:00;22:00:00;251
d6e10447-60ed-4a71-a658-ec05fbe6b017;16;El Parque de Ciudad Real;2023-11-28;10:00:00;11:00:00;262
d6e10447-60ed-4a71-a658-ec05fbe6b017;16;El Parque de Ciudad Real;2023-11-28;11:00:00;12:00:00;277
d6e10447-60ed-4a71-a658-ec05fbe6b017;16;El Parque de Ciudad Real;2023-11-28;12:00:00;13:00:00;271
d6e10447-60ed-4a71-a658-ec05fbe6b017;16;El Parque de Ciudad Real;2023-11-28;13:00:00;14:00:00;304
d6e10447-60ed-4a71-a658-ec05fbe6b017;16;El Parque de Ciudad Real;2023-11-28;14:00:00;15:00:00;282
d6e10447-60ed-4a71-a658-ec05fbe6b017;16;El Parque de Ciudad Real;2023-11-28;15:00:00;16:00:00;333
d6e10447-60ed-4a71-a658-ec05fbe6b017;16;El Parque de Ciudad Real;2023-11-28;16:00:00;17:00:00;259
d6e10447-60ed-4a71-a658-ec05fbe6b017;16;El Parque de Ciudad Real;2023-11-28;17:00:00;18:00:00;416
d6e10447-60ed-4a71-a658-ec05fbe6b017;16;El Parque de Ciudad Real;2023-11-28;18:00:00;19:00:00;465
d6e10447-60ed-4a71-a658-ec05fbe6b017;16;El Parque de Ciudad Real;2023-11-28;19:00:00;20:00:00;378
d6e10447-60ed-4a71-a658-ec05fbe6b017;16;El Parque de Ciudad Real;2023-11-28;20:00:00;21:00:00;291
d6e10447-60ed-4a71-a658-ec05fbe6b017;16;El Parque de Ciudad Real;2023-11-28;21:00:00;22:00:00;297
d6e10447-60ed-4a71-a658-ec05fbe6b017;16;El Parque de Ciudad Real;2023-11-29;10:00:00;11:00:00;283
d6e10447-60ed-4a71-a658-ec05fbe6b017;16;El Parque de Ciudad Real;2023-11-29;11:00:00;12:00:00;287
d6e10447-60ed-4a71-a658-ec05fbe6b017;16;El Parque de Ciudad Real;2023-11-29;12:00:00;13:00:00;255
d6e10447-60ed-4a71-a658-ec05fbe6b017;16;El Parque de Ciudad Real;2023-11-29;13:00:00;14:00:00;273
d6e10447-60ed-4a71-a658-ec05fbe6b017;16;El Parque de Ciudad Real;2023-11-29;14:00:00;15:00:00;294
d6e10447-60ed-4a71-a658-ec05fbe6b017;16;El Parque de Ciudad Real;2023-11-29;15:00:00;16:00:00;322
d6e10447-60ed-4a71-a658-ec05fbe6b017;16;El Parque de Ciudad Real;2023-11-29;16:00:00;17:00:00;284
d6e10447-60ed-4a71-a658-ec05fbe6b017;16;El Parque de Ciudad Real;2023-11-29;17:00:00;18:00:00;418
d6e10447-60ed-4a71-a658-ec05fbe6b017;16;El Parque de Ciudad Real;2023-11-29;18:00:00;19:00:00;520
d6e10447-60ed-4a71-a658-ec05fbe6b017;16;El Parque de Ciudad Real;2023-11-29;19:00:00;20:00:00;366
d6e10447-60ed-4a71-a658-ec05fbe6b017;16;El Parque de Ciudad Real;2023-11-29;20:00:00;21:00:00;281
d6e10447-60ed-4a71-a658-ec05fbe6b017;16;El Parque de Ciudad Real;2023-11-29;21:00:00;22:00:00;299
d6e10447-60ed-4a71-a658-ec05fbe6b017;16;El Parque de Ciudad Real;2023-11-30;10:00:00;11:00:00;276
d6e10447-60ed-4a71-a658-ec05fbe6b017;16;El Parque de Ciudad Real;2023-11-30;11:00:00;12:00:00;299
d6e10447-60ed-4a71-a658-ec05fbe6b017;16;El Parque de Ciudad Real;2023-11-30;12:00:00;13:00:00;309
d6e10447-60ed-4a71-a658-ec05fbe6b017;16;El Parque de Ciudad Real;2023-11-30;13:00:00;14:00:00;311
d6e10447-60ed-4a71-a658-ec05fbe6b017;16;El Parque de Ciudad Real;2023-11-30;14:00:00;15:00:00;304
d6e10447-60ed-4a71-a658-ec05fbe6b017;16;El Parque de Ciudad Real;2023-11-30;15:00:00;16:00:00;305
d6e10447-60ed-4a71-a658-ec05fbe6b017;16;El Parque de Ciudad Real;2023-11-30;16:00:00;17:00:00;238
d6e10447-60ed-4a71-a658-ec05fbe6b017;16;El Parque de Ciudad Real;2023-11-30;17:00:00;18:00:00;403
d6e10447-60ed-4a71-a658-ec05fbe6b017;16;El Parque de Ciudad Real;2023-11-30;18:00:00;19:00:00;523
d6e10447-60ed-4a71-a658-ec05fbe6b017;16;El Parque de Ciudad Real;2023-11-30;19:00:00;20:00:00;379
d6e10447-60ed-4a71-a658-ec05fbe6b017;16;El Parque de Ciudad Real;2023-11-30;20:00:00;21:00:00;291
d6e10447-60ed-4a71-a658-ec05fbe6b017;16;El Parque de Ciudad Real;2023-11-30;21:00:00;22:00:00;292
d6e10447-60ed-4a71-a658-ec05fbe6b017;16;El Parque de Ciudad Real;2023-12-01;10:00:00;11:00:00;268
d6e10447-60ed-4a71-a658-ec05fbe6b017;16;El Parque de Ciudad Real;2023-12-01;11:00:00;12:00:00;245
d6e10447-60ed-4a71-a658-ec05fbe6b017;16;El Parque de Ciudad Real;2023-12-01;12:00:00;13:00:00;285
d6e10447-60ed-4a71-a658-ec05fbe6b017;16;El Parque de Ciudad Real;2023-12-01;13:00:00;14:00:00;279
d6e10447-60ed-4a71-a658-ec05fbe6b017;16;El Parque de Ciudad Real;2023-12-01;14:00:00;15:00:00;248
d6e10447-60ed-4a71-a658-ec05fbe6b017;16;El Parque de Ciudad Real;2023-12-01;15:00:00;16:00:00;264
d6e10447-60ed-4a71-a658-ec05fbe6b017;16;El Parque de Ciudad Real;2023-12-01;16:00:00;17:00:00;294
d6e10447-60ed-4a71-a658-ec05fbe6b017;16;El Parque de Ciudad Real;2023-12-01;17:00:00;18:00:00;430
d6e10447-60ed-4a71-a658-ec05fbe6b017;16;El Parque de Ciudad Real;2023-12-01;18:00:00;19:00:00;437
d6e10447-60ed-4a71-a658-ec05fbe6b017;16;El Parque de Ciudad Real;2023-12-01;19:00:00;20:00:00;285
d6e10447-60ed-4a71-a658-ec05fbe6b017;16;El Parque de Ciudad Real;2023-12-01;20:00:00;21:00:00;246
d6e10447-60ed-4a71-a658-ec05fbe6b017;16;El Parque de Ciudad Real;2023-12-01;21:00:00;22:00:00;221
d6e10447-60ed-4a71-a658-ec05fbe6b017;16;El Parque de Ciudad Real;2023-12-02;10:00:00;11:00:00;427
d6e10447-60ed-4a71-a658-ec05fbe6b017;16;El Parque de Ciudad Real;2023-12-02;11:00:00;12:00:00;369
d6e10447-60ed-4a71-a658-ec05fbe6b017;16;El Parque de Ciudad Real;2023-12-02;12:00:00;13:00:00;424
d6e10447-60ed-4a71-a658-ec05fbe6b017;16;El Parque de Ciudad Real;2023-12-02;13:00:00;14:00:00;388
d6e10447-60ed-4a71-a658-ec05fbe6b017;16;El Parque de Ciudad Real;2023-12-02;14:00:00;15:00:00;283
d6e10447-60ed-4a71-a658-ec05fbe6b017;16;El Parque de Ciudad Real;2023-12-02;15:00:00;16:00:00;253
d6e10447-60ed-4a71-a658-ec05fbe6b017;16;El Parque de Ciudad Real;2023-12-02;16:00:00;17:00:00;281
d6e10447-60ed-4a71-a658-ec05fbe6b017;16;El Parque de Ciudad Real;2023-12-02;17:00:00;18:00:00;510
d6e10447-60ed-4a71-a658-ec05fbe6b017;16;El Parque de Ciudad Real;2023-12-02;18:00:00;19:00:00;562
d6e10447-60ed-4a71-a658-ec05fbe6b017;16;El Parque de Ciudad Real;2023-12-02;19:00:00;20:00:00;423
d6e10447-60ed-4a71-a658-ec05fbe6b017;16;El Parque de Ciudad Real;2023-12-02;20:00:00;21:00:00;343
d6e10447-60ed-4a71-a658-ec05fbe6b017;16;El Parque de Ciudad Real;2023-12-02;21:00:00;22:00:00;289
d6e10447-60ed-4a71-a658-ec05fbe6b017;16;El Parque de Ciudad Real;2023-12-03;10:00:00;11:00:00;0
d6e10447-60ed-4a71-a658-ec05fbe6b017;16;El Parque de Ciudad Real;2023-12-03;11:00:00;12:00:00;0
d6e10447-60ed-4a71-a658-ec05fbe6b017;16;El Parque de Ciudad Real;2023-12-03;12:00:00;13:00:00;0
d6e10447-60ed-4a71-a658-ec05fbe6b017;16;El Parque de Ciudad Real;2023-12-03;13:00:00;14:00:00;0
d6e10447-60ed-4a71-a658-ec05fbe6b017;16;El Parque de Ciudad Real;2023-12-03;14:00:00;15:00:00;0
d6e10447-60ed-4a71-a658-ec05fbe6b017;16;El Parque de Ciudad Real;2023-12-03;15:00:00;16:00:00;0
d6e10447-60ed-4a71-a658-ec05fbe6b017;16;El Parque de Ciudad Real;2023-12-03;16:00:00;17:00:00;0
d6e10447-60ed-4a71-a658-ec05fbe6b017;16;El Parque de Ciudad Real;2023-12-03;17:00:00;18:00:00;0
d6e10447-60ed-4a71-a658-ec05fbe6b017;16;El Parque de Ciudad Real;2023-12-03;18:00:00;19:00:00;0
d6e10447-60ed-4a71-a658-ec05fbe6b017;16;El Parque de Ciudad Real;2023-12-03;19:00:00;20:00:00;0
d6e10447-60ed-4a71-a658-ec05fbe6b017;16;El Parque de Ciudad Real;2023-12-03;20:00:00;21:00:00;0
d6e10447-60ed-4a71-a658-ec05fbe6b017;16;El Parque de Ciudad Real;2023-12-03;21:00:00;22:00:00;0
14d4d04b-c417-4149-8146-d791064f5a8f;17;El Paseo;2023-11-27;10:00:00;11:00:00;1257
14d4d04b-c417-4149-8146-d791064f5a8f;17;El Paseo;2023-11-27;11:00:00;12:00:00;1297
14d4d04b-c417-4149-8146-d791064f5a8f;17;El Paseo;2023-11-27;12:00:00;13:00:00;1288
14d4d04b-c417-4149-8146-d791064f5a8f;17;El Paseo;2023-11-27;13:00:00;14:00:00;1251
14d4d04b-c417-4149-8146-d791064f5a8f;17;El Paseo;2023-11-27;14:00:00;15:00:00;1380
14d4d04b-c417-4149-8146-d791064f5a8f;17;El Paseo;2023-11-27;15:00:00;16:00:00;1376
14d4d04b-c417-4149-8146-d791064f5a8f;17;El Paseo;2023-11-27;16:00:00;17:00:00;1511
14d4d04b-c417-4149-8146-d791064f5a8f;17;El Paseo;2023-11-27;17:00:00;18:00:00;1739
14d4d04b-c417-4149-8146-d791064f5a8f;17;El Paseo;2023-11-27;18:00:00;19:00:00;1734
14d4d04b-c417-4149-8146-d791064f5a8f;17;El Paseo;2023-11-27;19:00:00;20:00:00;1807
14d4d04b-c417-4149-8146-d791064f5a8f;17;El Paseo;2023-11-27;20:00:00;21:00:00;1609
14d4d04b-c417-4149-8146-d791064f5a8f;17;El Paseo;2023-11-27;21:00:00;22:00:00;1475
14d4d04b-c417-4149-8146-d791064f5a8f;17;El Paseo;2023-11-28;10:00:00;11:00:00;1246
14d4d04b-c417-4149-8146-d791064f5a8f;17;El Paseo;2023-11-28;11:00:00;12:00:00;1278
14d4d04b-c417-4149-8146-d791064f5a8f;17;El Paseo;2023-11-28;12:00:00;13:00:00;1308
14d4d04b-c417-4149-8146-d791064f5a8f;17;El Paseo;2023-11-28;13:00:00;14:00:00;1335
14d4d04b-c417-4149-8146-d791064f5a8f;17;El Paseo;2023-11-28;14:00:00;15:00:00;1449
14d4d04b-c417-4149-8146-d791064f5a8f;17;El Paseo;2023-11-28;15:00:00;16:00:00;1373
14d4d04b-c417-4149-8146-d791064f5a8f;17;El Paseo;2023-11-28;16:00:00;17:00:00;1423
14d4d04b-c417-4149-8146-d791064f5a8f;17;El Paseo;2023-11-28;17:00:00;18:00:00;1526
14d4d04b-c417-4149-8146-d791064f5a8f;17;El Paseo;2023-11-28;18:00:00;19:00:00;1752
14d4d04b-c417-4149-8146-d791064f5a8f;17;El Paseo;2023-11-28;19:00:00;20:00:00;1803
14d4d04b-c417-4149-8146-d791064f5a8f;17;El Paseo;2023-11-28;20:00:00;21:00:00;1650
14d4d04b-c417-4149-8146-d791064f5a8f;17;El Paseo;2023-11-28;21:00:00;22:00:00;1592
14d4d04b-c417-4149-8146-d791064f5a8f;17;El Paseo;2023-11-29;10:00:00;11:00:00;1248
14d4d04b-c417-4149-8146-d791064f5a8f;17;El Paseo;2023-11-29;11:00:00;12:00:00;1323
14d4d04b-c417-4149-8146-d791064f5a8f;17;El Paseo;2023-11-29;12:00:00;13:00:00;1302
14d4d04b-c417-4149-8146-d791064f5a8f;17;El Paseo;2023-11-29;13:00:00;14:00:00;1227
14d4d04b-c417-4149-8146-d791064f5a8f;17;El Paseo;2023-11-29;14:00:00;15:00:00;1386
14d4d04b-c417-4149-8146-d791064f5a8f;17;El Paseo;2023-11-29;15:00:00;16:00:00;1338
14d4d04b-c417-4149-8146-d791064f5a8f;17;El Paseo;2023-11-29;16:00:00;17:00:00;1401
14d4d04b-c417-4149-8146-d791064f5a8f;17;El Paseo;2023-11-29;17:00:00;18:00:00;1683
14d4d04b-c417-4149-8146-d791064f5a8f;17;El Paseo;2023-11-29;18:00:00;19:00:00;1662
14d4d04b-c417-4149-8146-d791064f5a8f;17;El Paseo;2023-11-29;19:00:00;20:00:00;1663
14d4d04b-c417-4149-8146-d791064f5a8f;17;El Paseo;2023-11-29;20:00:00;21:00:00;1566
14d4d04b-c417-4149-8146-d791064f5a8f;17;El Paseo;2023-11-29;21:00:00;22:00:00;1406
14d4d04b-c417-4149-8146-d791064f5a8f;17;El Paseo;2023-11-30;10:00:00;11:00:00;1173
14d4d04b-c417-4149-8146-d791064f5a8f;17;El Paseo;2023-11-30;11:00:00;12:00:00;1268
14d4d04b-c417-4149-8146-d791064f5a8f;17;El Paseo;2023-11-30;12:00:00;13:00:00;1324
14d4d04b-c417-4149-8146-d791064f5a8f;17;El Paseo;2023-11-30;13:00:00;14:00:00;1105
14d4d04b-c417-4149-8146-d791064f5a8f;17;El Paseo;2023-11-30;14:00:00;15:00:00;1311
14d4d04b-c417-4149-8146-d791064f5a8f;17;El Paseo;2023-11-30;15:00:00;16:00:00;1286
14d4d04b-c417-4149-8146-d791064f5a8f;17;El Paseo;2023-11-30;16:00:00;17:00:00;1299
14d4d04b-c417-4149-8146-d791064f5a8f;17;El Paseo;2023-11-30;17:00:00;18:00:00;1527
14d4d04b-c417-4149-8146-d791064f5a8f;17;El Paseo;2023-11-30;18:00:00;19:00:00;1711
14d4d04b-c417-4149-8146-d791064f5a8f;17;El Paseo;2023-11-30;19:00:00;20:00:00;1690
14d4d04b-c417-4149-8146-d791064f5a8f;17;El Paseo;2023-11-30;20:00:00;21:00:00;1507
14d4d04b-c417-4149-8146-d791064f5a8f;17;El Paseo;2023-11-30;21:00:00;22:00:00;1400
14d4d04b-c417-4149-8146-d791064f5a8f;17;El Paseo;2023-12-01;10:00:00;11:00:00;1278
14d4d04b-c417-4149-8146-d791064f5a8f;17;El Paseo;2023-12-01;11:00:00;12:00:00;1337
14d4d04b-c417-4149-8146-d791064f5a8f;17;El Paseo;2023-12-01;12:00:00;13:00:00;1234
14d4d04b-c417-4149-8146-d791064f5a8f;17;El Paseo;2023-12-01;13:00:00;14:00:00;1270
14d4d04b-c417-4149-8146-d791064f5a8f;17;El Paseo;2023-12-01;14:00:00;15:00:00;1332
14d4d04b-c417-4149-8146-d791064f5a8f;17;El Paseo;2023-12-01;15:00:00;16:00:00;1434
14d4d04b-c417-4149-8146-d791064f5a8f;17;El Paseo;2023-12-01;16:00:00;17:00:00;1467
14d4d04b-c417-4149-8146-d791064f5a8f;17;El Paseo;2023-12-01;17:00:00;18:00:00;1620
14d4d04b-c417-4149-8146-d791064f5a8f;17;El Paseo;2023-12-01;18:00:00;19:00:00;1900
14d4d04b-c417-4149-8146-d791064f5a8f;17;El Paseo;2023-12-01;19:00:00;20:00:00;1926
14d4d04b-c417-4149-8146-d791064f5a8f;17;El Paseo;2023-12-01;20:00:00;21:00:00;1887
14d4d04b-c417-4149-8146-d791064f5a8f;17;El Paseo;2023-12-01;21:00:00;22:00:00;1702
14d4d04b-c417-4149-8146-d791064f5a8f;17;El Paseo;2023-12-02;10:00:00;11:00:00;1807
14d4d04b-c417-4149-8146-d791064f5a8f;17;El Paseo;2023-12-02;11:00:00;12:00:00;1887
14d4d04b-c417-4149-8146-d791064f5a8f;17;El Paseo;2023-12-02;12:00:00;13:00:00;2100
14d4d04b-c417-4149-8146-d791064f5a8f;17;El Paseo;2023-12-02;13:00:00;14:00:00;2216
14d4d04b-c417-4149-8146-d791064f5a8f;17;El Paseo;2023-12-02;14:00:00;15:00:00;2451
14d4d04b-c417-4149-8146-d791064f5a8f;17;El Paseo;2023-12-02;15:00:00;16:00:00;2146
14d4d04b-c417-4149-8146-d791064f5a8f;17;El Paseo;2023-12-02;16:00:00;17:00:00;2141
14d4d04b-c417-4149-8146-d791064f5a8f;17;El Paseo;2023-12-02;17:00:00;18:00:00;2445
14d4d04b-c417-4149-8146-d791064f5a8f;17;El Paseo;2023-12-02;18:00:00;19:00:00;2464
14d4d04b-c417-4149-8146-d791064f5a8f;17;El Paseo;2023-12-02;19:00:00;20:00:00;2359
14d4d04b-c417-4149-8146-d791064f5a8f;17;El Paseo;2023-12-02;20:00:00;21:00:00;2454
14d4d04b-c417-4149-8146-d791064f5a8f;17;El Paseo;2023-12-02;21:00:00;22:00:00;2256
14d4d04b-c417-4149-8146-d791064f5a8f;17;El Paseo;2023-12-03;10:00:00;11:00:00;76
14d4d04b-c417-4149-8146-d791064f5a8f;17;El Paseo;2023-12-03;11:00:00;12:00:00;924
14d4d04b-c417-4149-8146-d791064f5a8f;17;El Paseo;2023-12-03;12:00:00;13:00:00;1071
14d4d04b-c417-4149-8146-d791064f5a8f;17;El Paseo;2023-12-03;13:00:00;14:00:00;1084
14d4d04b-c417-4149-8146-d791064f5a8f;17;El Paseo;2023-12-03;14:00:00;15:00:00;985
14d4d04b-c417-4149-8146-d791064f5a8f;17;El Paseo;2023-12-03;15:00:00;16:00:00;704
14d4d04b-c417-4149-8146-d791064f5a8f;17;El Paseo;2023-12-03;16:00:00;17:00:00;700
14d4d04b-c417-4149-8146-d791064f5a8f;17;El Paseo;2023-12-03;17:00:00;18:00:00;734
14d4d04b-c417-4149-8146-d791064f5a8f;17;El Paseo;2023-12-03;18:00:00;19:00:00;817
14d4d04b-c417-4149-8146-d791064f5a8f;17;El Paseo;2023-12-03;19:00:00;20:00:00;763
14d4d04b-c417-4149-8146-d791064f5a8f;17;El Paseo;2023-12-03;20:00:00;21:00:00;969
14d4d04b-c417-4149-8146-d791064f5a8f;17;El Paseo;2023-12-03;21:00:00;22:00:00;823
c494f3fd-545f-43dd-90ac-f15444c92879;44;El Restón;2023-11-27;10:00:00;11:00:00;585
c494f3fd-545f-43dd-90ac-f15444c92879;44;El Restón;2023-11-27;11:00:00;12:00:00;607
c494f3fd-545f-43dd-90ac-f15444c92879;44;El Restón;2023-11-27;12:00:00;13:00:00;594
c494f3fd-545f-43dd-90ac-f15444c92879;44;El Restón;2023-11-27;13:00:00;14:00:00;633
c494f3fd-545f-43dd-90ac-f15444c92879;44;El Restón;2023-11-27;14:00:00;15:00:00;717
c494f3fd-545f-43dd-90ac-f15444c92879;44;El Restón;2023-11-27;15:00:00;16:00:00;662
c494f3fd-545f-43dd-90ac-f15444c92879;44;El Restón;2023-11-27;16:00:00;17:00:00;711
c494f3fd-545f-43dd-90ac-f15444c92879;44;El Restón;2023-11-27;17:00:00;18:00:00;773
c494f3fd-545f-43dd-90ac-f15444c92879;44;El Restón;2023-11-27;18:00:00;19:00:00;840
c494f3fd-545f-43dd-90ac-f15444c92879;44;El Restón;2023-11-27;19:00:00;20:00:00;776
c494f3fd-545f-43dd-90ac-f15444c92879;44;El Restón;2023-11-27;20:00:00;21:00:00;766
c494f3fd-545f-43dd-90ac-f15444c92879;44;El Restón;2023-11-27;21:00:00;22:00:00;750
c494f3fd-545f-43dd-90ac-f15444c92879;44;El Restón;2023-11-28;10:00:00;11:00:00;641
c494f3fd-545f-43dd-90ac-f15444c92879;44;El Restón;2023-11-28;11:00:00;12:00:00;634
c494f3fd-545f-43dd-90ac-f15444c92879;44;El Restón;2023-11-28;12:00:00;13:00:00;577
c494f3fd-545f-43dd-90ac-f15444c92879;44;El Restón;2023-11-28;13:00:00;14:00:00;626
c494f3fd-545f-43dd-90ac-f15444c92879;44;El Restón;2023-11-28;14:00:00;15:00:00;682
c494f3fd-545f-43dd-90ac-f15444c92879;44;El Restón;2023-11-28;15:00:00;16:00:00;641
c494f3fd-545f-43dd-90ac-f15444c92879;44;El Restón;2023-11-28;16:00:00;17:00:00;683
c494f3fd-545f-43dd-90ac-f15444c92879;44;El Restón;2023-11-28;17:00:00;18:00:00;824
c494f3fd-545f-43dd-90ac-f15444c92879;44;El Restón;2023-11-28;18:00:00;19:00:00;848
c494f3fd-545f-43dd-90ac-f15444c92879;44;El Restón;2023-11-28;19:00:00;20:00:00;900
c494f3fd-545f-43dd-90ac-f15444c92879;44;El Restón;2023-11-28;20:00:00;21:00:00;850
c494f3fd-545f-43dd-90ac-f15444c92879;44;El Restón;2023-11-28;21:00:00;22:00:00;682
c494f3fd-545f-43dd-90ac-f15444c92879;44;El Restón;2023-11-29;10:00:00;11:00:00;576
c494f3fd-545f-43dd-90ac-f15444c92879;44;El Restón;2023-11-29;11:00:00;12:00:00;592
c494f3fd-545f-43dd-90ac-f15444c92879;44;El Restón;2023-11-29;12:00:00;13:00:00;544
c494f3fd-545f-43dd-90ac-f15444c92879;44;El Restón;2023-11-29;13:00:00;14:00:00;602
c494f3fd-545f-43dd-90ac-f15444c92879;44;El Restón;2023-11-29;14:00:00;15:00:00;625
c494f3fd-545f-43dd-90ac-f15444c92879;44;El Restón;2023-11-29;15:00:00;16:00:00;669
c494f3fd-545f-43dd-90ac-f15444c92879;44;El Restón;2023-11-29;16:00:00;17:00:00;730
c494f3fd-545f-43dd-90ac-f15444c92879;44;El Restón;2023-11-29;17:00:00;18:00:00;791
c494f3fd-545f-43dd-90ac-f15444c92879;44;El Restón;2023-11-29;18:00:00;19:00:00;790
c494f3fd-545f-43dd-90ac-f15444c92879;44;El Restón;2023-11-29;19:00:00;20:00:00;835
c494f3fd-545f-43dd-90ac-f15444c92879;44;El Restón;2023-11-29;20:00:00;21:00:00;777
c494f3fd-545f-43dd-90ac-f15444c92879;44;El Restón;2023-11-29;21:00:00;22:00:00;703
c494f3fd-545f-43dd-90ac-f15444c92879;44;El Restón;2023-11-30;10:00:00;11:00:00;622
c494f3fd-545f-43dd-90ac-f15444c92879;44;El Restón;2023-11-30;11:00:00;12:00:00;653
c494f3fd-545f-43dd-90ac-f15444c92879;44;El Restón;2023-11-30;12:00:00;13:00:00;721
c494f3fd-545f-43dd-90ac-f15444c92879;44;El Restón;2023-11-30;13:00:00;14:00:00;721
c494f3fd-545f-43dd-90ac-f15444c92879;44;El Restón;2023-11-30;14:00:00;15:00:00;721
c494f3fd-545f-43dd-90ac-f15444c92879;44;El Restón;2023-11-30;15:00:00;16:00:00;709
c494f3fd-545f-43dd-90ac-f15444c92879;44;El Restón;2023-11-30;16:00:00;17:00:00;680
c494f3fd-545f-43dd-90ac-f15444c92879;44;El Restón;2023-11-30;17:00:00;18:00:00;751
c494f3fd-545f-43dd-90ac-f15444c92879;44;El Restón;2023-11-30;18:00:00;19:00:00;804
c494f3fd-545f-43dd-90ac-f15444c92879;44;El Restón;2023-11-30;19:00:00;20:00:00;881
c494f3fd-545f-43dd-90ac-f15444c92879;44;El Restón;2023-11-30;20:00:00;21:00:00;821
c494f3fd-545f-43dd-90ac-f15444c92879;44;El Restón;2023-11-30;21:00:00;22:00:00;799
c494f3fd-545f-43dd-90ac-f15444c92879;44;El Restón;2023-12-01;10:00:00;11:00:00;646
c494f3fd-545f-43dd-90ac-f15444c92879;44;El Restón;2023-12-01;11:00:00;12:00:00;641
c494f3fd-545f-43dd-90ac-f15444c92879;44;El Restón;2023-12-01;12:00:00;13:00:00;664
c494f3fd-545f-43dd-90ac-f15444c92879;44;El Restón;2023-12-01;13:00:00;14:00:00;691
c494f3fd-545f-43dd-90ac-f15444c92879;44;El Restón;2023-12-01;14:00:00;15:00:00;743
c494f3fd-545f-43dd-90ac-f15444c92879;44;El Restón;2023-12-01;15:00:00;16:00:00;688
c494f3fd-545f-43dd-90ac-f15444c92879;44;El Restón;2023-12-01;16:00:00;17:00:00;691
c494f3fd-545f-43dd-90ac-f15444c92879;44;El Restón;2023-12-01;17:00:00;18:00:00;826
c494f3fd-545f-43dd-90ac-f15444c92879;44;El Restón;2023-12-01;18:00:00;19:00:00;826
c494f3fd-545f-43dd-90ac-f15444c92879;44;El Restón;2023-12-01;19:00:00;20:00:00;841
c494f3fd-545f-43dd-90ac-f15444c92879;44;El Restón;2023-12-01;20:00:00;21:00:00;862
c494f3fd-545f-43dd-90ac-f15444c92879;44;El Restón;2023-12-01;21:00:00;22:00:00;810
c494f3fd-545f-43dd-90ac-f15444c92879;44;El Restón;2023-12-02;10:00:00;11:00:00;786
c494f3fd-545f-43dd-90ac-f15444c92879;44;El Restón;2023-12-02;11:00:00;12:00:00;816
c494f3fd-545f-43dd-90ac-f15444c92879;44;El Restón;2023-12-02;12:00:00;13:00:00;794
c494f3fd-545f-43dd-90ac-f15444c92879;44;El Restón;2023-12-02;13:00:00;14:00:00;868
c494f3fd-545f-43dd-90ac-f15444c92879;44;El Restón;2023-12-02;14:00:00;15:00:00;843
c494f3fd-545f-43dd-90ac-f15444c92879;44;El Restón;2023-12-02;15:00:00;16:00:00;768
c494f3fd-545f-43dd-90ac-f15444c92879;44;El Restón;2023-12-02;16:00:00;17:00:00;881
c494f3fd-545f-43dd-90ac-f15444c92879;44;El Restón;2023-12-02;17:00:00;18:00:00;940
c494f3fd-545f-43dd-90ac-f15444c92879;44;El Restón;2023-12-02;18:00:00;19:00:00;1037
c494f3fd-545f-43dd-90ac-f15444c92879;44;El Restón;2023-12-02;19:00:00;20:00:00;1058
c494f3fd-545f-43dd-90ac-f15444c92879;44;El Restón;2023-12-02;20:00:00;21:00:00;1023
c494f3fd-545f-43dd-90ac-f15444c92879;44;El Restón;2023-12-02;21:00:00;22:00:00;1073
c494f3fd-545f-43dd-90ac-f15444c92879;44;El Restón;2023-12-03;10:00:00;11:00:00;671
c494f3fd-545f-43dd-90ac-f15444c92879;44;El Restón;2023-12-03;11:00:00;12:00:00;763
c494f3fd-545f-43dd-90ac-f15444c92879;44;El Restón;2023-12-03;12:00:00;13:00:00;1050
c494f3fd-545f-43dd-90ac-f15444c92879;44;El Restón;2023-12-03;13:00:00;14:00:00;1188
c494f3fd-545f-43dd-90ac-f15444c92879;44;El Restón;2023-12-03;14:00:00;15:00:00;1143
c494f3fd-545f-43dd-90ac-f15444c92879;44;El Restón;2023-12-03;15:00:00;16:00:00;1094
c494f3fd-545f-43dd-90ac-f15444c92879;44;El Restón;2023-12-03;16:00:00;17:00:00;1021
c494f3fd-545f-43dd-90ac-f15444c92879;44;El Restón;2023-12-03;17:00:00;18:00:00;921
c494f3fd-545f-43dd-90ac-f15444c92879;44;El Restón;2023-12-03;18:00:00;19:00:00;970
c494f3fd-545f-43dd-90ac-f15444c92879;44;El Restón;2023-12-03;19:00:00;20:00:00;1004
c494f3fd-545f-43dd-90ac-f15444c92879;44;El Restón;2023-12-03;20:00:00;21:00:00;998
c494f3fd-545f-43dd-90ac-f15444c92879;44;El Restón;2023-12-03;21:00:00;22:00:00;1039
51cdbe4b-9a08-41e3-9dff-4dce61719a8f;19;Espacio Coruña;2023-11-27;10:00:00;11:00:00;977
51cdbe4b-9a08-41e3-9dff-4dce61719a8f;19;Espacio Coruña;2023-11-27;11:00:00;12:00:00;1188
51cdbe4b-9a08-41e3-9dff-4dce61719a8f;19;Espacio Coruña;2023-11-27;12:00:00;13:00:00;1181
51cdbe4b-9a08-41e3-9dff-4dce61719a8f;19;Espacio Coruña;2023-11-27;13:00:00;14:00:00;1099
51cdbe4b-9a08-41e3-9dff-4dce61719a8f;19;Espacio Coruña;2023-11-27;14:00:00;15:00:00;939
51cdbe4b-9a08-41e3-9dff-4dce61719a8f;19;Espacio Coruña;2023-11-27;15:00:00;16:00:00;955
51cdbe4b-9a08-41e3-9dff-4dce61719a8f;19;Espacio Coruña;2023-11-27;16:00:00;17:00:00;945
51cdbe4b-9a08-41e3-9dff-4dce61719a8f;19;Espacio Coruña;2023-11-27;17:00:00;18:00:00;898
51cdbe4b-9a08-41e3-9dff-4dce61719a8f;19;Espacio Coruña;2023-11-27;18:00:00;19:00:00;1083
51cdbe4b-9a08-41e3-9dff-4dce61719a8f;19;Espacio Coruña;2023-11-27;19:00:00;20:00:00;993
51cdbe4b-9a08-41e3-9dff-4dce61719a8f;19;Espacio Coruña;2023-11-27;20:00:00;21:00:00;857
51cdbe4b-9a08-41e3-9dff-4dce61719a8f;19;Espacio Coruña;2023-11-27;21:00:00;22:00:00;548
51cdbe4b-9a08-41e3-9dff-4dce61719a8f;19;Espacio Coruña;2023-11-28;10:00:00;11:00:00;1054
51cdbe4b-9a08-41e3-9dff-4dce61719a8f;19;Espacio Coruña;2023-11-28;11:00:00;12:00:00;1219
51cdbe4b-9a08-41e3-9dff-4dce61719a8f;19;Espacio Coruña;2023-11-28;12:00:00;13:00:00;1177
51cdbe4b-9a08-41e3-9dff-4dce61719a8f;19;Espacio Coruña;2023-11-28;13:00:00;14:00:00;1106
51cdbe4b-9a08-41e3-9dff-4dce61719a8f;19;Espacio Coruña;2023-11-28;14:00:00;15:00:00;932
51cdbe4b-9a08-41e3-9dff-4dce61719a8f;19;Espacio Coruña;2023-11-28;15:00:00;16:00:00;801
51cdbe4b-9a08-41e3-9dff-4dce61719a8f;19;Espacio Coruña;2023-11-28;16:00:00;17:00:00;822
51cdbe4b-9a08-41e3-9dff-4dce61719a8f;19;Espacio Coruña;2023-11-28;17:00:00;18:00:00;958
51cdbe4b-9a08-41e3-9dff-4dce61719a8f;19;Espacio Coruña;2023-11-28;18:00:00;19:00:00;895
51cdbe4b-9a08-41e3-9dff-4dce61719a8f;19;Espacio Coruña;2023-11-28;19:00:00;20:00:00;996
51cdbe4b-9a08-41e3-9dff-4dce61719a8f;19;Espacio Coruña;2023-11-28;20:00:00;21:00:00;924
51cdbe4b-9a08-41e3-9dff-4dce61719a8f;19;Espacio Coruña;2023-11-28;21:00:00;22:00:00;733
51cdbe4b-9a08-41e3-9dff-4dce61719a8f;19;Espacio Coruña;2023-11-29;10:00:00;11:00:00;953
51cdbe4b-9a08-41e3-9dff-4dce61719a8f;19;Espacio Coruña;2023-11-29;11:00:00;12:00:00;1064
51cdbe4b-9a08-41e3-9dff-4dce61719a8f;19;Espacio Coruña;2023-11-29;12:00:00;13:00:00;1025
51cdbe4b-9a08-41e3-9dff-4dce61719a8f;19;Espacio Coruña;2023-11-29;13:00:00;14:00:00;1098
51cdbe4b-9a08-41e3-9dff-4dce61719a8f;19;Espacio Coruña;2023-11-29;14:00:00;15:00:00;855
51cdbe4b-9a08-41e3-9dff-4dce61719a8f;19;Espacio Coruña;2023-11-29;15:00:00;16:00:00;730
51cdbe4b-9a08-41e3-9dff-4dce61719a8f;19;Espacio Coruña;2023-11-29;16:00:00;17:00:00;758
51cdbe4b-9a08-41e3-9dff-4dce61719a8f;19;Espacio Coruña;2023-11-29;17:00:00;18:00:00;868
51cdbe4b-9a08-41e3-9dff-4dce61719a8f;19;Espacio Coruña;2023-11-29;18:00:00;19:00:00;990
51cdbe4b-9a08-41e3-9dff-4dce61719a8f;19;Espacio Coruña;2023-11-29;19:00:00;20:00:00;1054
51cdbe4b-9a08-41e3-9dff-4dce61719a8f;19;Espacio Coruña;2023-11-29;20:00:00;21:00:00;835
51cdbe4b-9a08-41e3-9dff-4dce61719a8f;19;Espacio Coruña;2023-11-29;21:00:00;22:00:00;621
51cdbe4b-9a08-41e3-9dff-4dce61719a8f;19;Espacio Coruña;2023-11-30;10:00:00;11:00:00;995
51cdbe4b-9a08-41e3-9dff-4dce61719a8f;19;Espacio Coruña;2023-11-30;11:00:00;12:00:00;1033
51cdbe4b-9a08-41e3-9dff-4dce61719a8f;19;Espacio Coruña;2023-11-30;12:00:00;13:00:00;1134
51cdbe4b-9a08-41e3-9dff-4dce61719a8f;19;Espacio Coruña;2023-11-30;13:00:00;14:00:00;1040
51cdbe4b-9a08-41e3-9dff-4dce61719a8f;19;Espacio Coruña;2023-11-30;14:00:00;15:00:00;801
51cdbe4b-9a08-41e3-9dff-4dce61719a8f;19;Espacio Coruña;2023-11-30;15:00:00;16:00:00;671
51cdbe4b-9a08-41e3-9dff-4dce61719a8f;19;Espacio Coruña;2023-11-30;16:00:00;17:00:00;859
51cdbe4b-9a08-41e3-9dff-4dce61719a8f;19;Espacio Coruña;2023-11-30;17:00:00;18:00:00;957
51cdbe4b-9a08-41e3-9dff-4dce61719a8f;19;Espacio Coruña;2023-11-30;18:00:00;19:00:00;952
51cdbe4b-9a08-41e3-9dff-4dce61719a8f;19;Espacio Coruña;2023-11-30;19:00:00;20:00:00;841
51cdbe4b-9a08-41e3-9dff-4dce61719a8f;19;Espacio Coruña;2023-11-30;20:00:00;21:00:00;769
51cdbe4b-9a08-41e3-9dff-4dce61719a8f;19;Espacio Coruña;2023-11-30;21:00:00;22:00:00;635
51cdbe4b-9a08-41e3-9dff-4dce61719a8f;19;Espacio Coruña;2023-12-01;10:00:00;11:00:00;910
51cdbe4b-9a08-41e3-9dff-4dce61719a8f;19;Espacio Coruña;2023-12-01;11:00:00;12:00:00;995
51cdbe4b-9a08-41e3-9dff-4dce61719a8f;19;Espacio Coruña;2023-12-01;12:00:00;13:00:00;946
51cdbe4b-9a08-41e3-9dff-4dce61719a8f;19;Espacio Coruña;2023-12-01;13:00:00;14:00:00;786
51cdbe4b-9a08-41e3-9dff-4dce61719a8f;19;Espacio Coruña;2023-12-01;14:00:00;15:00:00;842
51cdbe4b-9a08-41e3-9dff-4dce61719a8f;19;Espacio Coruña;2023-12-01;15:00:00;16:00:00;801
51cdbe4b-9a08-41e3-9dff-4dce61719a8f;19;Espacio Coruña;2023-12-01;16:00:00;17:00:00;911
51cdbe4b-9a08-41e3-9dff-4dce61719a8f;19;Espacio Coruña;2023-12-01;17:00:00;18:00:00;883
51cdbe4b-9a08-41e3-9dff-4dce61719a8f;19;Espacio Coruña;2023-12-01;18:00:00;19:00:00;806
51cdbe4b-9a08-41e3-9dff-4dce61719a8f;19;Espacio Coruña;2023-12-01;19:00:00;20:00:00;660
51cdbe4b-9a08-41e3-9dff-4dce61719a8f;19;Espacio Coruña;2023-12-01;20:00:00;21:00:00;915
51cdbe4b-9a08-41e3-9dff-4dce61719a8f;19;Espacio Coruña;2023-12-01;21:00:00;22:00:00;548
51cdbe4b-9a08-41e3-9dff-4dce61719a8f;19;Espacio Coruña;2023-12-02;10:00:00;11:00:00;829
51cdbe4b-9a08-41e3-9dff-4dce61719a8f;19;Espacio Coruña;2023-12-02;11:00:00;12:00:00;922
51cdbe4b-9a08-41e3-9dff-4dce61719a8f;19;Espacio Coruña;2023-12-02;12:00:00;13:00:00;909
51cdbe4b-9a08-41e3-9dff-4dce61719a8f;19;Espacio Coruña;2023-12-02;13:00:00;14:00:00;791
51cdbe4b-9a08-41e3-9dff-4dce61719a8f;19;Espacio Coruña;2023-12-02;14:00:00;15:00:00;620
51cdbe4b-9a08-41e3-9dff-4dce61719a8f;19;Espacio Coruña;2023-12-02;15:00:00;16:00:00;656
51cdbe4b-9a08-41e3-9dff-4dce61719a8f;19;Espacio Coruña;2023-12-02;16:00:00;17:00:00;774
51cdbe4b-9a08-41e3-9dff-4dce61719a8f;19;Espacio Coruña;2023-12-02;17:00:00;18:00:00;811
51cdbe4b-9a08-41e3-9dff-4dce61719a8f;19;Espacio Coruña;2023-12-02;18:00:00;19:00:00;1023
51cdbe4b-9a08-41e3-9dff-4dce61719a8f;19;Espacio Coruña;2023-12-02;19:00:00;20:00:00;1244
51cdbe4b-9a08-41e3-9dff-4dce61719a8f;19;Espacio Coruña;2023-12-02;20:00:00;21:00:00;860
51cdbe4b-9a08-41e3-9dff-4dce61719a8f;19;Espacio Coruña;2023-12-02;21:00:00;22:00:00;618
51cdbe4b-9a08-41e3-9dff-4dce61719a8f;19;Espacio Coruña;2023-12-03;10:00:00;11:00:00;0
51cdbe4b-9a08-41e3-9dff-4dce61719a8f;19;Espacio Coruña;2023-12-03;11:00:00;12:00:00;0
51cdbe4b-9a08-41e3-9dff-4dce61719a8f;19;Espacio Coruña;2023-12-03;12:00:00;13:00:00;0
51cdbe4b-9a08-41e3-9dff-4dce61719a8f;19;Espacio Coruña;2023-12-03;13:00:00;14:00:00;0
51cdbe4b-9a08-41e3-9dff-4dce61719a8f;19;Espacio Coruña;2023-12-03;14:00:00;15:00:00;0
51cdbe4b-9a08-41e3-9dff-4dce61719a8f;19;Espacio Coruña;2023-12-03;15:00:00;16:00:00;0
51cdbe4b-9a08-41e3-9dff-4dce61719a8f;19;Espacio Coruña;2023-12-03;16:00:00;17:00:00;0
51cdbe4b-9a08-41e3-9dff-4dce61719a8f;19;Espacio Coruña;2023-12-03;17:00:00;18:00:00;0
51cdbe4b-9a08-41e3-9dff-4dce61719a8f;19;Espacio Coruña;2023-12-03;18:00:00;19:00:00;0
51cdbe4b-9a08-41e3-9dff-4dce61719a8f;19;Espacio Coruña;2023-12-03;19:00:00;20:00:00;0
51cdbe4b-9a08-41e3-9dff-4dce61719a8f;19;Espacio Coruña;2023-12-03;20:00:00;21:00:00;0
51cdbe4b-9a08-41e3-9dff-4dce61719a8f;19;Espacio Coruña;2023-12-03;21:00:00;22:00:00;0
1ae1ee31-2236-4b08-ac6d-da75d590ced2;20;Espacio León;2023-11-27;10:00:00;11:00:00;3830
1ae1ee31-2236-4b08-ac6d-da75d590ced2;20;Espacio León;2023-11-27;11:00:00;12:00:00;4225
1ae1ee31-2236-4b08-ac6d-da75d590ced2;20;Espacio León;2023-11-27;12:00:00;13:00:00;4150
1ae1ee31-2236-4b08-ac6d-da75d590ced2;20;Espacio León;2023-11-27;13:00:00;14:00:00;4404
1ae1ee31-2236-4b08-ac6d-da75d590ced2;20;Espacio León;2023-11-27;14:00:00;15:00:00;4715
1ae1ee31-2236-4b08-ac6d-da75d590ced2;20;Espacio León;2023-11-27;15:00:00;16:00:00;4704
1ae1ee31-2236-4b08-ac6d-da75d590ced2;20;Espacio León;2023-11-27;16:00:00;17:00:00;4921
1ae1ee31-2236-4b08-ac6d-da75d590ced2;20;Espacio León;2023-11-27;17:00:00;18:00:00;4850
1ae1ee31-2236-4b08-ac6d-da75d590ced2;20;Espacio León;2023-11-27;18:00:00;19:00:00;5231
1ae1ee31-2236-4b08-ac6d-da75d590ced2;20;Espacio León;2023-11-27;19:00:00;20:00:00;5029
1ae1ee31-2236-4b08-ac6d-da75d590ced2;20;Espacio León;2023-11-27;20:00:00;21:00:00;5040
1ae1ee31-2236-4b08-ac6d-da75d590ced2;20;Espacio León;2023-11-27;21:00:00;22:00:00;4532
1ae1ee31-2236-4b08-ac6d-da75d590ced2;20;Espacio León;2023-11-28;10:00:00;11:00:00;3736
1ae1ee31-2236-4b08-ac6d-da75d590ced2;20;Espacio León;2023-11-28;11:00:00;12:00:00;3755
1ae1ee31-2236-4b08-ac6d-da75d590ced2;20;Espacio León;2023-11-28;12:00:00;13:00:00;4108
1ae1ee31-2236-4b08-ac6d-da75d590ced2;20;Espacio León;2023-11-28;13:00:00;14:00:00;4108
1ae1ee31-2236-4b08-ac6d-da75d590ced2;20;Espacio León;2023-11-28;14:00:00;15:00:00;4392
1ae1ee31-2236-4b08-ac6d-da75d590ced2;20;Espacio León;2023-11-28;15:00:00;16:00:00;4310
1ae1ee31-2236-4b08-ac6d-da75d590ced2;20;Espacio León;2023-11-28;16:00:00;17:00:00;4524
1ae1ee31-2236-4b08-ac6d-da75d590ced2;20;Espacio León;2023-11-28;17:00:00;18:00:00;4717
1ae1ee31-2236-4b08-ac6d-da75d590ced2;20;Espacio León;2023-11-28;18:00:00;19:00:00;5481
1ae1ee31-2236-4b08-ac6d-da75d590ced2;20;Espacio León;2023-11-28;19:00:00;20:00:00;5631
1ae1ee31-2236-4b08-ac6d-da75d590ced2;20;Espacio León;2023-11-28;20:00:00;21:00:00;5877
1ae1ee31-2236-4b08-ac6d-da75d590ced2;20;Espacio León;2023-11-28;21:00:00;22:00:00;5186
1ae1ee31-2236-4b08-ac6d-da75d590ced2;20;Espacio León;2023-11-29;10:00:00;11:00:00;3851
1ae1ee31-2236-4b08-ac6d-da75d590ced2;20;Espacio León;2023-11-29;11:00:00;12:00:00;4183
1ae1ee31-2236-4b08-ac6d-da75d590ced2;20;Espacio León;2023-11-29;12:00:00;13:00:00;4536
1ae1ee31-2236-4b08-ac6d-da75d590ced2;20;Espacio León;2023-11-29;13:00:00;14:00:00;4390
1ae1ee31-2236-4b08-ac6d-da75d590ced2;20;Espacio León;2023-11-29;14:00:00;15:00:00;4130
1ae1ee31-2236-4b08-ac6d-da75d590ced2;20;Espacio León;2023-11-29;15:00:00;16:00:00;4351
1ae1ee31-2236-4b08-ac6d-da75d590ced2;20;Espacio León;2023-11-29;16:00:00;17:00:00;4541
1ae1ee31-2236-4b08-ac6d-da75d590ced2;20;Espacio León;2023-11-29;17:00:00;18:00:00;5279
1ae1ee31-2236-4b08-ac6d-da75d590ced2;20;Espacio León;2023-11-29;18:00:00;19:00:00;5879
1ae1ee31-2236-4b08-ac6d-da75d590ced2;20;Espacio León;2023-11-29;19:00:00;20:00:00;6203
1ae1ee31-2236-4b08-ac6d-da75d590ced2;20;Espacio León;2023-11-29;20:00:00;21:00:00;6143
1ae1ee31-2236-4b08-ac6d-da75d590ced2;20;Espacio León;2023-11-29;21:00:00;22:00:00;5896
1ae1ee31-2236-4b08-ac6d-da75d590ced2;20;Espacio León;2023-11-30;10:00:00;11:00:00;3773
1ae1ee31-2236-4b08-ac6d-da75d590ced2;20;Espacio León;2023-11-30;11:00:00;12:00:00;5051
1ae1ee31-2236-4b08-ac6d-da75d590ced2;20;Espacio León;2023-11-30;12:00:00;13:00:00;4904
1ae1ee31-2236-4b08-ac6d-da75d590ced2;20;Espacio León;2023-11-30;13:00:00;14:00:00;4805
1ae1ee31-2236-4b08-ac6d-da75d590ced2;20;Espacio León;2023-11-30;14:00:00;15:00:00;4893
1ae1ee31-2236-4b08-ac6d-da75d590ced2;20;Espacio León;2023-11-30;15:00:00;16:00:00;4654
1ae1ee31-2236-4b08-ac6d-da75d590ced2;20;Espacio León;2023-11-30;16:00:00;17:00:00;4471
1ae1ee31-2236-4b08-ac6d-da75d590ced2;20;Espacio León;2023-11-30;17:00:00;18:00:00;4926
1ae1ee31-2236-4b08-ac6d-da75d590ced2;20;Espacio León;2023-11-30;18:00:00;19:00:00;5242
1ae1ee31-2236-4b08-ac6d-da75d590ced2;20;Espacio León;2023-11-30;19:00:00;20:00:00;5734
1ae1ee31-2236-4b08-ac6d-da75d590ced2;20;Espacio León;2023-11-30;20:00:00;21:00:00;5589
1ae1ee31-2236-4b08-ac6d-da75d590ced2;20;Espacio León;2023-11-30;21:00:00;22:00:00;4883
1ae1ee31-2236-4b08-ac6d-da75d590ced2;20;Espacio León;2023-12-01;10:00:00;11:00:00;4085
1ae1ee31-2236-4b08-ac6d-da75d590ced2;20;Espacio León;2023-12-01;11:00:00;12:00:00;4207
1ae1ee31-2236-4b08-ac6d-da75d590ced2;20;Espacio León;2023-12-01;12:00:00;13:00:00;4309
1ae1ee31-2236-4b08-ac6d-da75d590ced2;20;Espacio León;2023-12-01;13:00:00;14:00:00;4448
1ae1ee31-2236-4b08-ac6d-da75d590ced2;20;Espacio León;2023-12-01;14:00:00;15:00:00;4530
1ae1ee31-2236-4b08-ac6d-da75d590ced2;20;Espacio León;2023-12-01;15:00:00;16:00:00;4917
1ae1ee31-2236-4b08-ac6d-da75d590ced2;20;Espacio León;2023-12-01;16:00:00;17:00:00;4971
1ae1ee31-2236-4b08-ac6d-da75d590ced2;20;Espacio León;2023-12-01;17:00:00;18:00:00;5246
1ae1ee31-2236-4b08-ac6d-da75d590ced2;20;Espacio León;2023-12-01;18:00:00;19:00:00;5646
1ae1ee31-2236-4b08-ac6d-da75d590ced2;20;Espacio León;2023-12-01;19:00:00;20:00:00;6367
1ae1ee31-2236-4b08-ac6d-da75d590ced2;20;Espacio León;2023-12-01;20:00:00;21:00:00;6286
1ae1ee31-2236-4b08-ac6d-da75d590ced2;20;Espacio León;2023-12-01;21:00:00;22:00:00;5674
1ae1ee31-2236-4b08-ac6d-da75d590ced2;20;Espacio León;2023-12-02;10:00:00;11:00:00;3948
1ae1ee31-2236-4b08-ac6d-da75d590ced2;20;Espacio León;2023-12-02;11:00:00;12:00:00;4585
1ae1ee31-2236-4b08-ac6d-da75d590ced2;20;Espacio León;2023-12-02;12:00:00;13:00:00;5183
1ae1ee31-2236-4b08-ac6d-da75d590ced2;20;Espacio León;2023-12-02;13:00:00;14:00:00;5477
1ae1ee31-2236-4b08-ac6d-da75d590ced2;20;Espacio León;2023-12-02;14:00:00;15:00:00;5522
1ae1ee31-2236-4b08-ac6d-da75d590ced2;20;Espacio León;2023-12-02;15:00:00;16:00:00;5372
1ae1ee31-2236-4b08-ac6d-da75d590ced2;20;Espacio León;2023-12-02;16:00:00;17:00:00;5765
1ae1ee31-2236-4b08-ac6d-da75d590ced2;20;Espacio León;2023-12-02;17:00:00;18:00:00;6798
1ae1ee31-2236-4b08-ac6d-da75d590ced2;20;Espacio León;2023-12-02;18:00:00;19:00:00;7978
1ae1ee31-2236-4b08-ac6d-da75d590ced2;20;Espacio León;2023-12-02;19:00:00;20:00:00;8530
1ae1ee31-2236-4b08-ac6d-da75d590ced2;20;Espacio León;2023-12-02;20:00:00;21:00:00;7982
1ae1ee31-2236-4b08-ac6d-da75d590ced2;20;Espacio León;2023-12-02;21:00:00;22:00:00;7326
1ae1ee31-2236-4b08-ac6d-da75d590ced2;20;Espacio León;2023-12-03;10:00:00;11:00:00;0
1ae1ee31-2236-4b08-ac6d-da75d590ced2;20;Espacio León;2023-12-03;11:00:00;12:00:00;0
1ae1ee31-2236-4b08-ac6d-da75d590ced2;20;Espacio León;2023-12-03;12:00:00;13:00:00;0
1ae1ee31-2236-4b08-ac6d-da75d590ced2;20;Espacio León;2023-12-03;13:00:00;14:00:00;0
1ae1ee31-2236-4b08-ac6d-da75d590ced2;20;Espacio León;2023-12-03;14:00:00;15:00:00;0
1ae1ee31-2236-4b08-ac6d-da75d590ced2;20;Espacio León;2023-12-03;15:00:00;16:00:00;0
1ae1ee31-2236-4b08-ac6d-da75d590ced2;20;Espacio León;2023-12-03;16:00:00;17:00:00;0
1ae1ee31-2236-4b08-ac6d-da75d590ced2;20;Espacio León;2023-12-03;17:00:00;18:00:00;0
1ae1ee31-2236-4b08-ac6d-da75d590ced2;20;Espacio León;2023-12-03;18:00:00;19:00:00;0
1ae1ee31-2236-4b08-ac6d-da75d590ced2;20;Espacio León;2023-12-03;19:00:00;20:00:00;0
1ae1ee31-2236-4b08-ac6d-da75d590ced2;20;Espacio León;2023-12-03;20:00:00;21:00:00;0
1ae1ee31-2236-4b08-ac6d-da75d590ced2;20;Espacio León;2023-12-03;21:00:00;22:00:00;0
44dfcbc9-7df0-4da0-9882-0b07e36ef9d4;58;Finestrelles Shopping Centre;2023-11-27;10:00:00;11:00:00;2745
44dfcbc9-7df0-4da0-9882-0b07e36ef9d4;58;Finestrelles Shopping Centre;2023-11-27;11:00:00;12:00:00;3305
44dfcbc9-7df0-4da0-9882-0b07e36ef9d4;58;Finestrelles Shopping Centre;2023-11-27;12:00:00;13:00:00;3127
44dfcbc9-7df0-4da0-9882-0b07e36ef9d4;58;Finestrelles Shopping Centre;2023-11-27;13:00:00;14:00:00;3308
44dfcbc9-7df0-4da0-9882-0b07e36ef9d4;58;Finestrelles Shopping Centre;2023-11-27;14:00:00;15:00:00;2710
44dfcbc9-7df0-4da0-9882-0b07e36ef9d4;58;Finestrelles Shopping Centre;2023-11-27;15:00:00;16:00:00;2328
44dfcbc9-7df0-4da0-9882-0b07e36ef9d4;58;Finestrelles Shopping Centre;2023-11-27;16:00:00;17:00:00;2602
44dfcbc9-7df0-4da0-9882-0b07e36ef9d4;58;Finestrelles Shopping Centre;2023-11-27;17:00:00;18:00:00;3364
44dfcbc9-7df0-4da0-9882-0b07e36ef9d4;58;Finestrelles Shopping Centre;2023-11-27;18:00:00;19:00:00;3953
44dfcbc9-7df0-4da0-9882-0b07e36ef9d4;58;Finestrelles Shopping Centre;2023-11-27;19:00:00;20:00:00;3798
44dfcbc9-7df0-4da0-9882-0b07e36ef9d4;58;Finestrelles Shopping Centre;2023-11-27;20:00:00;21:00:00;2319
44dfcbc9-7df0-4da0-9882-0b07e36ef9d4;58;Finestrelles Shopping Centre;2023-11-27;21:00:00;22:00:00;1082
44dfcbc9-7df0-4da0-9882-0b07e36ef9d4;58;Finestrelles Shopping Centre;2023-11-28;10:00:00;11:00:00;2912
44dfcbc9-7df0-4da0-9882-0b07e36ef9d4;58;Finestrelles Shopping Centre;2023-11-28;11:00:00;12:00:00;3063
44dfcbc9-7df0-4da0-9882-0b07e36ef9d4;58;Finestrelles Shopping Centre;2023-11-28;12:00:00;13:00:00;3122
44dfcbc9-7df0-4da0-9882-0b07e36ef9d4;58;Finestrelles Shopping Centre;2023-11-28;13:00:00;14:00:00;3081
44dfcbc9-7df0-4da0-9882-0b07e36ef9d4;58;Finestrelles Shopping Centre;2023-11-28;14:00:00;15:00:00;2698
44dfcbc9-7df0-4da0-9882-0b07e36ef9d4;58;Finestrelles Shopping Centre;2023-11-28;15:00:00;16:00:00;2465
44dfcbc9-7df0-4da0-9882-0b07e36ef9d4;58;Finestrelles Shopping Centre;2023-11-28;16:00:00;17:00:00;2884
44dfcbc9-7df0-4da0-9882-0b07e36ef9d4;58;Finestrelles Shopping Centre;2023-11-28;17:00:00;18:00:00;3721
44dfcbc9-7df0-4da0-9882-0b07e36ef9d4;58;Finestrelles Shopping Centre;2023-11-28;18:00:00;19:00:00;4200
44dfcbc9-7df0-4da0-9882-0b07e36ef9d4;58;Finestrelles Shopping Centre;2023-11-28;19:00:00;20:00:00;3785
44dfcbc9-7df0-4da0-9882-0b07e36ef9d4;58;Finestrelles Shopping Centre;2023-11-28;20:00:00;21:00:00;2461
44dfcbc9-7df0-4da0-9882-0b07e36ef9d4;58;Finestrelles Shopping Centre;2023-11-28;21:00:00;22:00:00;1105
44dfcbc9-7df0-4da0-9882-0b07e36ef9d4;58;Finestrelles Shopping Centre;2023-11-29;10:00:00;11:00:00;2914
44dfcbc9-7df0-4da0-9882-0b07e36ef9d4;58;Finestrelles Shopping Centre;2023-11-29;11:00:00;12:00:00;3142
44dfcbc9-7df0-4da0-9882-0b07e36ef9d4;58;Finestrelles Shopping Centre;2023-11-29;12:00:00;13:00:00;3437
44dfcbc9-7df0-4da0-9882-0b07e36ef9d4;58;Finestrelles Shopping Centre;2023-11-29;13:00:00;14:00:00;3187
44dfcbc9-7df0-4da0-9882-0b07e36ef9d4;58;Finestrelles Shopping Centre;2023-11-29;14:00:00;15:00:00;2661
44dfcbc9-7df0-4da0-9882-0b07e36ef9d4;58;Finestrelles Shopping Centre;2023-11-29;15:00:00;16:00:00;2561
44dfcbc9-7df0-4da0-9882-0b07e36ef9d4;58;Finestrelles Shopping Centre;2023-11-29;16:00:00;17:00:00;3000
44dfcbc9-7df0-4da0-9882-0b07e36ef9d4;58;Finestrelles Shopping Centre;2023-11-29;17:00:00;18:00:00;3398
44dfcbc9-7df0-4da0-9882-0b07e36ef9d4;58;Finestrelles Shopping Centre;2023-11-29;18:00:00;19:00:00;4106
44dfcbc9-7df0-4da0-9882-0b07e36ef9d4;58;Finestrelles Shopping Centre;2023-11-29;19:00:00;20:00:00;3966
44dfcbc9-7df0-4da0-9882-0b07e36ef9d4;58;Finestrelles Shopping Centre;2023-11-29;20:00:00;21:00:00;2358
44dfcbc9-7df0-4da0-9882-0b07e36ef9d4;58;Finestrelles Shopping Centre;2023-11-29;21:00:00;22:00:00;1142
44dfcbc9-7df0-4da0-9882-0b07e36ef9d4;58;Finestrelles Shopping Centre;2023-11-30;10:00:00;11:00:00;3015
44dfcbc9-7df0-4da0-9882-0b07e36ef9d4;58;Finestrelles Shopping Centre;2023-11-30;11:00:00;12:00:00;3289
44dfcbc9-7df0-4da0-9882-0b07e36ef9d4;58;Finestrelles Shopping Centre;2023-11-30;12:00:00;13:00:00;3264
44dfcbc9-7df0-4da0-9882-0b07e36ef9d4;58;Finestrelles Shopping Centre;2023-11-30;13:00:00;14:00:00;3124
44dfcbc9-7df0-4da0-9882-0b07e36ef9d4;58;Finestrelles Shopping Centre;2023-11-30;14:00:00;15:00:00;2753
44dfcbc9-7df0-4da0-9882-0b07e36ef9d4;58;Finestrelles Shopping Centre;2023-11-30;15:00:00;16:00:00;2410
44dfcbc9-7df0-4da0-9882-0b07e36ef9d4;58;Finestrelles Shopping Centre;2023-11-30;16:00:00;17:00:00;2705
44dfcbc9-7df0-4da0-9882-0b07e36ef9d4;58;Finestrelles Shopping Centre;2023-11-30;17:00:00;18:00:00;3843
44dfcbc9-7df0-4da0-9882-0b07e36ef9d4;58;Finestrelles Shopping Centre;2023-11-30;18:00:00;19:00:00;4237
44dfcbc9-7df0-4da0-9882-0b07e36ef9d4;58;Finestrelles Shopping Centre;2023-11-30;19:00:00;20:00:00;3973
44dfcbc9-7df0-4da0-9882-0b07e36ef9d4;58;Finestrelles Shopping Centre;2023-11-30;20:00:00;21:00:00;2678
44dfcbc9-7df0-4da0-9882-0b07e36ef9d4;58;Finestrelles Shopping Centre;2023-11-30;21:00:00;22:00:00;1185
44dfcbc9-7df0-4da0-9882-0b07e36ef9d4;58;Finestrelles Shopping Centre;2023-12-01;10:00:00;11:00:00;2705
44dfcbc9-7df0-4da0-9882-0b07e36ef9d4;58;Finestrelles Shopping Centre;2023-12-01;11:00:00;12:00:00;3393
44dfcbc9-7df0-4da0-9882-0b07e36ef9d4;58;Finestrelles Shopping Centre;2023-12-01;12:00:00;13:00:00;3491
44dfcbc9-7df0-4da0-9882-0b07e36ef9d4;58;Finestrelles Shopping Centre;2023-12-01;13:00:00;14:00:00;3083
44dfcbc9-7df0-4da0-9882-0b07e36ef9d4;58;Finestrelles Shopping Centre;2023-12-01;14:00:00;15:00:00;2723
44dfcbc9-7df0-4da0-9882-0b07e36ef9d4;58;Finestrelles Shopping Centre;2023-12-01;15:00:00;16:00:00;2636
44dfcbc9-7df0-4da0-9882-0b07e36ef9d4;58;Finestrelles Shopping Centre;2023-12-01;16:00:00;17:00:00;2786
44dfcbc9-7df0-4da0-9882-0b07e36ef9d4;58;Finestrelles Shopping Centre;2023-12-01;17:00:00;18:00:00;3255
44dfcbc9-7df0-4da0-9882-0b07e36ef9d4;58;Finestrelles Shopping Centre;2023-12-01;18:00:00;19:00:00;3953
44dfcbc9-7df0-4da0-9882-0b07e36ef9d4;58;Finestrelles Shopping Centre;2023-12-01;19:00:00;20:00:00;3535
44dfcbc9-7df0-4da0-9882-0b07e36ef9d4;58;Finestrelles Shopping Centre;2023-12-01;20:00:00;21:00:00;2568
44dfcbc9-7df0-4da0-9882-0b07e36ef9d4;58;Finestrelles Shopping Centre;2023-12-01;21:00:00;22:00:00;1155
44dfcbc9-7df0-4da0-9882-0b07e36ef9d4;58;Finestrelles Shopping Centre;2023-12-02;10:00:00;11:00:00;2661
44dfcbc9-7df0-4da0-9882-0b07e36ef9d4;58;Finestrelles Shopping Centre;2023-12-02;11:00:00;12:00:00;3754
44dfcbc9-7df0-4da0-9882-0b07e36ef9d4;58;Finestrelles Shopping Centre;2023-12-02;12:00:00;13:00:00;4933
44dfcbc9-7df0-4da0-9882-0b07e36ef9d4;58;Finestrelles Shopping Centre;2023-12-02;13:00:00;14:00:00;4537
44dfcbc9-7df0-4da0-9882-0b07e36ef9d4;58;Finestrelles Shopping Centre;2023-12-02;14:00:00;15:00:00;3623
44dfcbc9-7df0-4da0-9882-0b07e36ef9d4;58;Finestrelles Shopping Centre;2023-12-02;15:00:00;16:00:00;2754
44dfcbc9-7df0-4da0-9882-0b07e36ef9d4;58;Finestrelles Shopping Centre;2023-12-02;16:00:00;17:00:00;3119
44dfcbc9-7df0-4da0-9882-0b07e36ef9d4;58;Finestrelles Shopping Centre;2023-12-02;17:00:00;18:00:00;5154
44dfcbc9-7df0-4da0-9882-0b07e36ef9d4;58;Finestrelles Shopping Centre;2023-12-02;18:00:00;19:00:00;6440
44dfcbc9-7df0-4da0-9882-0b07e36ef9d4;58;Finestrelles Shopping Centre;2023-12-02;19:00:00;20:00:00;5850
44dfcbc9-7df0-4da0-9882-0b07e36ef9d4;58;Finestrelles Shopping Centre;2023-12-02;20:00:00;21:00:00;3950
44dfcbc9-7df0-4da0-9882-0b07e36ef9d4;58;Finestrelles Shopping Centre;2023-12-02;21:00:00;22:00:00;1471
44dfcbc9-7df0-4da0-9882-0b07e36ef9d4;58;Finestrelles Shopping Centre;2023-12-03;10:00:00;11:00:00;0
44dfcbc9-7df0-4da0-9882-0b07e36ef9d4;58;Finestrelles Shopping Centre;2023-12-03;11:00:00;12:00:00;0
44dfcbc9-7df0-4da0-9882-0b07e36ef9d4;58;Finestrelles Shopping Centre;2023-12-03;12:00:00;13:00:00;0
44dfcbc9-7df0-4da0-9882-0b07e36ef9d4;58;Finestrelles Shopping Centre;2023-12-03;13:00:00;14:00:00;0
44dfcbc9-7df0-4da0-9882-0b07e36ef9d4;58;Finestrelles Shopping Centre;2023-12-03;14:00:00;15:00:00;0
44dfcbc9-7df0-4da0-9882-0b07e36ef9d4;58;Finestrelles Shopping Centre;2023-12-03;15:00:00;16:00:00;0
44dfcbc9-7df0-4da0-9882-0b07e36ef9d4;58;Finestrelles Shopping Centre;2023-12-03;16:00:00;17:00:00;0
44dfcbc9-7df0-4da0-9882-0b07e36ef9d4;58;Finestrelles Shopping Centre;2023-12-03;17:00:00;18:00:00;0
44dfcbc9-7df0-4da0-9882-0b07e36ef9d4;58;Finestrelles Shopping Centre;2023-12-03;18:00:00;19:00:00;0
44dfcbc9-7df0-4da0-9882-0b07e36ef9d4;58;Finestrelles Shopping Centre;2023-12-03;19:00:00;20:00:00;0
44dfcbc9-7df0-4da0-9882-0b07e36ef9d4;58;Finestrelles Shopping Centre;2023-12-03;20:00:00;21:00:00;0
44dfcbc9-7df0-4da0-9882-0b07e36ef9d4;58;Finestrelles Shopping Centre;2023-12-03;21:00:00;22:00:00;0
6723e314-b093-4de2-bafa-1775196d1234;45;Getafe The Style Outlets;2023-11-27;10:00:00;11:00:00;1689
6723e314-b093-4de2-bafa-1775196d1234;45;Getafe The Style Outlets;2023-11-27;11:00:00;12:00:00;2192
6723e314-b093-4de2-bafa-1775196d1234;45;Getafe The Style Outlets;2023-11-27;12:00:00;13:00:00;2485
6723e314-b093-4de2-bafa-1775196d1234;45;Getafe The Style Outlets;2023-11-27;13:00:00;14:00:00;2331
6723e314-b093-4de2-bafa-1775196d1234;45;Getafe The Style Outlets;2023-11-27;14:00:00;15:00:00;2208
6723e314-b093-4de2-bafa-1775196d1234;45;Getafe The Style Outlets;2023-11-27;15:00:00;16:00:00;2396
6723e314-b093-4de2-bafa-1775196d1234;45;Getafe The Style Outlets;2023-11-27;16:00:00;17:00:00;2152
6723e314-b093-4de2-bafa-1775196d1234;45;Getafe The Style Outlets;2023-11-27;17:00:00;18:00:00;2552
6723e314-b093-4de2-bafa-1775196d1234;45;Getafe The Style Outlets;2023-11-27;18:00:00;19:00:00;3182
6723e314-b093-4de2-bafa-1775196d1234;45;Getafe The Style Outlets;2023-11-27;19:00:00;20:00:00;3194
6723e314-b093-4de2-bafa-1775196d1234;45;Getafe The Style Outlets;2023-11-27;20:00:00;21:00:00;2388
6723e314-b093-4de2-bafa-1775196d1234;45;Getafe The Style Outlets;2023-11-27;21:00:00;22:00:00;1490
6723e314-b093-4de2-bafa-1775196d1234;45;Getafe The Style Outlets;2023-11-28;10:00:00;11:00:00;1751
6723e314-b093-4de2-bafa-1775196d1234;45;Getafe The Style Outlets;2023-11-28;11:00:00;12:00:00;2262
6723e314-b093-4de2-bafa-1775196d1234;45;Getafe The Style Outlets;2023-11-28;12:00:00;13:00:00;2410
6723e314-b093-4de2-bafa-1775196d1234;45;Getafe The Style Outlets;2023-11-28;13:00:00;14:00:00;2125
6723e314-b093-4de2-bafa-1775196d1234;45;Getafe The Style Outlets;2023-11-28;14:00:00;15:00:00;2009
6723e314-b093-4de2-bafa-1775196d1234;45;Getafe The Style Outlets;2023-11-28;15:00:00;16:00:00;2045
6723e314-b093-4de2-bafa-1775196d1234;45;Getafe The Style Outlets;2023-11-28;16:00:00;17:00:00;2267
6723e314-b093-4de2-bafa-1775196d1234;45;Getafe The Style Outlets;2023-11-28;17:00:00;18:00:00;2302
6723e314-b093-4de2-bafa-1775196d1234;45;Getafe The Style Outlets;2023-11-28;18:00:00;19:00:00;2946
6723e314-b093-4de2-bafa-1775196d1234;45;Getafe The Style Outlets;2023-11-28;19:00:00;20:00:00;2916
6723e314-b093-4de2-bafa-1775196d1234;45;Getafe The Style Outlets;2023-11-28;20:00:00;21:00:00;2138
6723e314-b093-4de2-bafa-1775196d1234;45;Getafe The Style Outlets;2023-11-28;21:00:00;22:00:00;1287
6723e314-b093-4de2-bafa-1775196d1234;45;Getafe The Style Outlets;2023-11-29;10:00:00;11:00:00;1637
6723e314-b093-4de2-bafa-1775196d1234;45;Getafe The Style Outlets;2023-11-29;11:00:00;12:00:00;1978
6723e314-b093-4de2-bafa-1775196d1234;45;Getafe The Style Outlets;2023-11-29;12:00:00;13:00:00;2045
6723e314-b093-4de2-bafa-1775196d1234;45;Getafe The Style Outlets;2023-11-29;13:00:00;14:00:00;1846
6723e314-b093-4de2-bafa-1775196d1234;45;Getafe The Style Outlets;2023-11-29;14:00:00;15:00:00;1522
6723e314-b093-4de2-bafa-1775196d1234;45;Getafe The Style Outlets;2023-11-29;15:00:00;16:00:00;1502
6723e314-b093-4de2-bafa-1775196d1234;45;Getafe The Style Outlets;2023-11-29;16:00:00;17:00:00;1912
6723e314-b093-4de2-bafa-1775196d1234;45;Getafe The Style Outlets;2023-11-29;17:00:00;18:00:00;2297
6723e314-b093-4de2-bafa-1775196d1234;45;Getafe The Style Outlets;2023-11-29;18:00:00;19:00:00;2851
6723e314-b093-4de2-bafa-1775196d1234;45;Getafe The Style Outlets;2023-11-29;19:00:00;20:00:00;2657
6723e314-b093-4de2-bafa-1775196d1234;45;Getafe The Style Outlets;2023-11-29;20:00:00;21:00:00;2250
6723e314-b093-4de2-bafa-1775196d1234;45;Getafe The Style Outlets;2023-11-29;21:00:00;22:00:00;1242
6723e314-b093-4de2-bafa-1775196d1234;45;Getafe The Style Outlets;2023-11-30;10:00:00;11:00:00;3825
6723e314-b093-4de2-bafa-1775196d1234;45;Getafe The Style Outlets;2023-11-30;11:00:00;12:00:00;4742
6723e314-b093-4de2-bafa-1775196d1234;45;Getafe The Style Outlets;2023-11-30;12:00:00;13:00:00;4643
6723e314-b093-4de2-bafa-1775196d1234;45;Getafe The Style Outlets;2023-11-30;13:00:00;14:00:00;4153
6723e314-b093-4de2-bafa-1775196d1234;45;Getafe The Style Outlets;2023-11-30;14:00:00;15:00:00;3815
6723e314-b093-4de2-bafa-1775196d1234;45;Getafe The Style Outlets;2023-11-30;15:00:00;16:00:00;3676
6723e314-b093-4de2-bafa-1775196d1234;45;Getafe The Style Outlets;2023-11-30;16:00:00;17:00:00;3885
6723e314-b093-4de2-bafa-1775196d1234;45;Getafe The Style Outlets;2023-11-30;17:00:00;18:00:00;4029
6723e314-b093-4de2-bafa-1775196d1234;45;Getafe The Style Outlets;2023-11-30;18:00:00;19:00:00;4962
6723e314-b093-4de2-bafa-1775196d1234;45;Getafe The Style Outlets;2023-11-30;19:00:00;20:00:00;5242
6723e314-b093-4de2-bafa-1775196d1234;45;Getafe The Style Outlets;2023-11-30;20:00:00;21:00:00;4589
6723e314-b093-4de2-bafa-1775196d1234;45;Getafe The Style Outlets;2023-11-30;21:00:00;22:00:00;2762
6723e314-b093-4de2-bafa-1775196d1234;45;Getafe The Style Outlets;2023-12-01;10:00:00;11:00:00;2110
6723e314-b093-4de2-bafa-1775196d1234;45;Getafe The Style Outlets;2023-12-01;11:00:00;12:00:00;2572
6723e314-b093-4de2-bafa-1775196d1234;45;Getafe The Style Outlets;2023-12-01;12:00:00;13:00:00;2485
6723e314-b093-4de2-bafa-1775196d1234;45;Getafe The Style Outlets;2023-12-01;13:00:00;14:00:00;2468
6723e314-b093-4de2-bafa-1775196d1234;45;Getafe The Style Outlets;2023-12-01;14:00:00;15:00:00;1834
6723e314-b093-4de2-bafa-1775196d1234;45;Getafe The Style Outlets;2023-12-01;15:00:00;16:00:00;2493
6723e314-b093-4de2-bafa-1775196d1234;45;Getafe The Style Outlets;2023-12-01;16:00:00;17:00:00;2930
6723e314-b093-4de2-bafa-1775196d1234;45;Getafe The Style Outlets;2023-12-01;17:00:00;18:00:00;2814
6723e314-b093-4de2-bafa-1775196d1234;45;Getafe The Style Outlets;2023-12-01;18:00:00;19:00:00;3892
6723e314-b093-4de2-bafa-1775196d1234;45;Getafe The Style Outlets;2023-12-01;19:00:00;20:00:00;4152
6723e314-b093-4de2-bafa-1775196d1234;45;Getafe The Style Outlets;2023-12-01;20:00:00;21:00:00;3852
6723e314-b093-4de2-bafa-1775196d1234;45;Getafe The Style Outlets;2023-12-01;21:00:00;22:00:00;2515
6723e314-b093-4de2-bafa-1775196d1234;45;Getafe The Style Outlets;2023-12-02;10:00:00;11:00:00;1794
6723e314-b093-4de2-bafa-1775196d1234;45;Getafe The Style Outlets;2023-12-02;11:00:00;12:00:00;3242
6723e314-b093-4de2-bafa-1775196d1234;45;Getafe The Style Outlets;2023-12-02;12:00:00;13:00:00;4394
6723e314-b093-4de2-bafa-1775196d1234;45;Getafe The Style Outlets;2023-12-02;13:00:00;14:00:00;4693
6723e314-b093-4de2-bafa-1775196d1234;45;Getafe The Style Outlets;2023-12-02;14:00:00;15:00:00;4219
6723e314-b093-4de2-bafa-1775196d1234;45;Getafe The Style Outlets;2023-12-02;15:00:00;16:00:00;4261
6723e314-b093-4de2-bafa-1775196d1234;45;Getafe The Style Outlets;2023-12-02;16:00:00;17:00:00;4838
6723e314-b093-4de2-bafa-1775196d1234;45;Getafe The Style Outlets;2023-12-02;17:00:00;18:00:00;5793
6723e314-b093-4de2-bafa-1775196d1234;45;Getafe The Style Outlets;2023-12-02;18:00:00;19:00:00;6389
6723e314-b093-4de2-bafa-1775196d1234;45;Getafe The Style Outlets;2023-12-02;19:00:00;20:00:00;6079
6723e314-b093-4de2-bafa-1775196d1234;45;Getafe The Style Outlets;2023-12-02;20:00:00;21:00:00;4835
6723e314-b093-4de2-bafa-1775196d1234;45;Getafe The Style Outlets;2023-12-02;21:00:00;22:00:00;3402
6723e314-b093-4de2-bafa-1775196d1234;45;Getafe The Style Outlets;2023-12-03;10:00:00;11:00:00;1728
6723e314-b093-4de2-bafa-1775196d1234;45;Getafe The Style Outlets;2023-12-03;11:00:00;12:00:00;3123
6723e314-b093-4de2-bafa-1775196d1234;45;Getafe The Style Outlets;2023-12-03;12:00:00;13:00:00;4778
6723e314-b093-4de2-bafa-1775196d1234;45;Getafe The Style Outlets;2023-12-03;13:00:00;14:00:00;4956
6723e314-b093-4de2-bafa-1775196d1234;45;Getafe The Style Outlets;2023-12-03;14:00:00;15:00:00;4566
6723e314-b093-4de2-bafa-1775196d1234;45;Getafe The Style Outlets;2023-12-03;15:00:00;16:00:00;4269
6723e314-b093-4de2-bafa-1775196d1234;45;Getafe The Style Outlets;2023-12-03;16:00:00;17:00:00;4897
6723e314-b093-4de2-bafa-1775196d1234;45;Getafe The Style Outlets;2023-12-03;17:00:00;18:00:00;5698
6723e314-b093-4de2-bafa-1775196d1234;45;Getafe The Style Outlets;2023-12-03;18:00:00;19:00:00;6120
6723e314-b093-4de2-bafa-1775196d1234;45;Getafe The Style Outlets;2023-12-03;19:00:00;20:00:00;5736
6723e314-b093-4de2-bafa-1775196d1234;45;Getafe The Style Outlets;2023-12-03;20:00:00;21:00:00;3981
6723e314-b093-4de2-bafa-1775196d1234;45;Getafe The Style Outlets;2023-12-03;21:00:00;22:00:00;1814
a9652ebd-80a7-4e3c-9c82-da5a33132fa2;25;Gran Plaza 2;2023-11-27;10:00:00;11:00:00;1918
a9652ebd-80a7-4e3c-9c82-da5a33132fa2;25;Gran Plaza 2;2023-11-27;11:00:00;12:00:00;2484
a9652ebd-80a7-4e3c-9c82-da5a33132fa2;25;Gran Plaza 2;2023-11-27;12:00:00;13:00:00;2854
a9652ebd-80a7-4e3c-9c82-da5a33132fa2;25;Gran Plaza 2;2023-11-27;13:00:00;14:00:00;2928
a9652ebd-80a7-4e3c-9c82-da5a33132fa2;25;Gran Plaza 2;2023-11-27;14:00:00;15:00:00;2802
a9652ebd-80a7-4e3c-9c82-da5a33132fa2;25;Gran Plaza 2;2023-11-27;15:00:00;16:00:00;2947
a9652ebd-80a7-4e3c-9c82-da5a33132fa2;25;Gran Plaza 2;2023-11-27;16:00:00;17:00:00;2837
a9652ebd-80a7-4e3c-9c82-da5a33132fa2;25;Gran Plaza 2;2023-11-27;17:00:00;18:00:00;3027
a9652ebd-80a7-4e3c-9c82-da5a33132fa2;25;Gran Plaza 2;2023-11-27;18:00:00;19:00:00;3661
a9652ebd-80a7-4e3c-9c82-da5a33132fa2;25;Gran Plaza 2;2023-11-27;19:00:00;20:00:00;3941
a9652ebd-80a7-4e3c-9c82-da5a33132fa2;25;Gran Plaza 2;2023-11-27;20:00:00;21:00:00;3316
a9652ebd-80a7-4e3c-9c82-da5a33132fa2;25;Gran Plaza 2;2023-11-27;21:00:00;22:00:00;2386
a9652ebd-80a7-4e3c-9c82-da5a33132fa2;25;Gran Plaza 2;2023-11-28;10:00:00;11:00:00;1969
a9652ebd-80a7-4e3c-9c82-da5a33132fa2;25;Gran Plaza 2;2023-11-28;11:00:00;12:00:00;2331
a9652ebd-80a7-4e3c-9c82-da5a33132fa2;25;Gran Plaza 2;2023-11-28;12:00:00;13:00:00;2842
a9652ebd-80a7-4e3c-9c82-da5a33132fa2;25;Gran Plaza 2;2023-11-28;13:00:00;14:00:00;2975
a9652ebd-80a7-4e3c-9c82-da5a33132fa2;25;Gran Plaza 2;2023-11-28;14:00:00;15:00:00;3047
a9652ebd-80a7-4e3c-9c82-da5a33132fa2;25;Gran Plaza 2;2023-11-28;15:00:00;16:00:00;3269
a9652ebd-80a7-4e3c-9c82-da5a33132fa2;25;Gran Plaza 2;2023-11-28;16:00:00;17:00:00;3361
a9652ebd-80a7-4e3c-9c82-da5a33132fa2;25;Gran Plaza 2;2023-11-28;17:00:00;18:00:00;3600
a9652ebd-80a7-4e3c-9c82-da5a33132fa2;25;Gran Plaza 2;2023-11-28;18:00:00;19:00:00;3963
a9652ebd-80a7-4e3c-9c82-da5a33132fa2;25;Gran Plaza 2;2023-11-28;19:00:00;20:00:00;3876
a9652ebd-80a7-4e3c-9c82-da5a33132fa2;25;Gran Plaza 2;2023-11-28;20:00:00;21:00:00;3067
a9652ebd-80a7-4e3c-9c82-da5a33132fa2;25;Gran Plaza 2;2023-11-28;21:00:00;22:00:00;2225
a9652ebd-80a7-4e3c-9c82-da5a33132fa2;25;Gran Plaza 2;2023-11-29;10:00:00;11:00:00;2168
a9652ebd-80a7-4e3c-9c82-da5a33132fa2;25;Gran Plaza 2;2023-11-29;11:00:00;12:00:00;2681
a9652ebd-80a7-4e3c-9c82-da5a33132fa2;25;Gran Plaza 2;2023-11-29;12:00:00;13:00:00;3200
a9652ebd-80a7-4e3c-9c82-da5a33132fa2;25;Gran Plaza 2;2023-11-29;13:00:00;14:00:00;3377
a9652ebd-80a7-4e3c-9c82-da5a33132fa2;25;Gran Plaza 2;2023-11-29;14:00:00;15:00:00;3200
a9652ebd-80a7-4e3c-9c82-da5a33132fa2;25;Gran Plaza 2;2023-11-29;15:00:00;16:00:00;3297
a9652ebd-80a7-4e3c-9c82-da5a33132fa2;25;Gran Plaza 2;2023-11-29;16:00:00;17:00:00;3067
a9652ebd-80a7-4e3c-9c82-da5a33132fa2;25;Gran Plaza 2;2023-11-29;17:00:00;18:00:00;3453
a9652ebd-80a7-4e3c-9c82-da5a33132fa2;25;Gran Plaza 2;2023-11-29;18:00:00;19:00:00;4503
a9652ebd-80a7-4e3c-9c82-da5a33132fa2;25;Gran Plaza 2;2023-11-29;19:00:00;20:00:00;4750
a9652ebd-80a7-4e3c-9c82-da5a33132fa2;25;Gran Plaza 2;2023-11-29;20:00:00;21:00:00;3782
a9652ebd-80a7-4e3c-9c82-da5a33132fa2;25;Gran Plaza 2;2023-11-29;21:00:00;22:00:00;2505
a9652ebd-80a7-4e3c-9c82-da5a33132fa2;25;Gran Plaza 2;2023-11-30;10:00:00;11:00:00;2215
a9652ebd-80a7-4e3c-9c82-da5a33132fa2;25;Gran Plaza 2;2023-11-30;11:00:00;12:00:00;2969
a9652ebd-80a7-4e3c-9c82-da5a33132fa2;25;Gran Plaza 2;2023-11-30;12:00:00;13:00:00;3346
a9652ebd-80a7-4e3c-9c82-da5a33132fa2;25;Gran Plaza 2;2023-11-30;13:00:00;14:00:00;3659
a9652ebd-80a7-4e3c-9c82-da5a33132fa2;25;Gran Plaza 2;2023-11-30;14:00:00;15:00:00;3551
a9652ebd-80a7-4e3c-9c82-da5a33132fa2;25;Gran Plaza 2;2023-11-30;15:00:00;16:00:00;3574
a9652ebd-80a7-4e3c-9c82-da5a33132fa2;25;Gran Plaza 2;2023-11-30;16:00:00;17:00:00;3628
a9652ebd-80a7-4e3c-9c82-da5a33132fa2;25;Gran Plaza 2;2023-11-30;17:00:00;18:00:00;3695
a9652ebd-80a7-4e3c-9c82-da5a33132fa2;25;Gran Plaza 2;2023-11-30;18:00:00;19:00:00;4130
a9652ebd-80a7-4e3c-9c82-da5a33132fa2;25;Gran Plaza 2;2023-11-30;19:00:00;20:00:00;4452
a9652ebd-80a7-4e3c-9c82-da5a33132fa2;25;Gran Plaza 2;2023-11-30;20:00:00;21:00:00;3859
a9652ebd-80a7-4e3c-9c82-da5a33132fa2;25;Gran Plaza 2;2023-11-30;21:00:00;22:00:00;2727
a9652ebd-80a7-4e3c-9c82-da5a33132fa2;25;Gran Plaza 2;2023-12-01;10:00:00;11:00:00;2114
a9652ebd-80a7-4e3c-9c82-da5a33132fa2;25;Gran Plaza 2;2023-12-01;11:00:00;12:00:00;2952
a9652ebd-80a7-4e3c-9c82-da5a33132fa2;25;Gran Plaza 2;2023-12-01;12:00:00;13:00:00;3351
a9652ebd-80a7-4e3c-9c82-da5a33132fa2;25;Gran Plaza 2;2023-12-01;13:00:00;14:00:00;3446
a9652ebd-80a7-4e3c-9c82-da5a33132fa2;25;Gran Plaza 2;2023-12-01;14:00:00;15:00:00;3546
a9652ebd-80a7-4e3c-9c82-da5a33132fa2;25;Gran Plaza 2;2023-12-01;15:00:00;16:00:00;3568
a9652ebd-80a7-4e3c-9c82-da5a33132fa2;25;Gran Plaza 2;2023-12-01;16:00:00;17:00:00;3979
a9652ebd-80a7-4e3c-9c82-da5a33132fa2;25;Gran Plaza 2;2023-12-01;17:00:00;18:00:00;4740
a9652ebd-80a7-4e3c-9c82-da5a33132fa2;25;Gran Plaza 2;2023-12-01;18:00:00;19:00:00;6236
a9652ebd-80a7-4e3c-9c82-da5a33132fa2;25;Gran Plaza 2;2023-12-01;19:00:00;20:00:00;6903
a9652ebd-80a7-4e3c-9c82-da5a33132fa2;25;Gran Plaza 2;2023-12-01;20:00:00;21:00:00;5874
a9652ebd-80a7-4e3c-9c82-da5a33132fa2;25;Gran Plaza 2;2023-12-01;21:00:00;22:00:00;4034
a9652ebd-80a7-4e3c-9c82-da5a33132fa2;25;Gran Plaza 2;2023-12-02;10:00:00;11:00:00;2623
a9652ebd-80a7-4e3c-9c82-da5a33132fa2;25;Gran Plaza 2;2023-12-02;11:00:00;12:00:00;4062
a9652ebd-80a7-4e3c-9c82-da5a33132fa2;25;Gran Plaza 2;2023-12-02;12:00:00;13:00:00;5375
a9652ebd-80a7-4e3c-9c82-da5a33132fa2;25;Gran Plaza 2;2023-12-02;13:00:00;14:00:00;6314
a9652ebd-80a7-4e3c-9c82-da5a33132fa2;25;Gran Plaza 2;2023-12-02;14:00:00;15:00:00;6058
a9652ebd-80a7-4e3c-9c82-da5a33132fa2;25;Gran Plaza 2;2023-12-02;15:00:00;16:00:00;6186
a9652ebd-80a7-4e3c-9c82-da5a33132fa2;25;Gran Plaza 2;2023-12-02;16:00:00;17:00:00;6653
a9652ebd-80a7-4e3c-9c82-da5a33132fa2;25;Gran Plaza 2;2023-12-02;17:00:00;18:00:00;7649
a9652ebd-80a7-4e3c-9c82-da5a33132fa2;25;Gran Plaza 2;2023-12-02;18:00:00;19:00:00;9087
a9652ebd-80a7-4e3c-9c82-da5a33132fa2;25;Gran Plaza 2;2023-12-02;19:00:00;20:00:00;9360
a9652ebd-80a7-4e3c-9c82-da5a33132fa2;25;Gran Plaza 2;2023-12-02;20:00:00;21:00:00;8178
a9652ebd-80a7-4e3c-9c82-da5a33132fa2;25;Gran Plaza 2;2023-12-02;21:00:00;22:00:00;5914
a9652ebd-80a7-4e3c-9c82-da5a33132fa2;25;Gran Plaza 2;2023-12-03;10:00:00;11:00:00;2058
a9652ebd-80a7-4e3c-9c82-da5a33132fa2;25;Gran Plaza 2;2023-12-03;11:00:00;12:00:00;4317
a9652ebd-80a7-4e3c-9c82-da5a33132fa2;25;Gran Plaza 2;2023-12-03;12:00:00;13:00:00;5889
a9652ebd-80a7-4e3c-9c82-da5a33132fa2;25;Gran Plaza 2;2023-12-03;13:00:00;14:00:00;6659
a9652ebd-80a7-4e3c-9c82-da5a33132fa2;25;Gran Plaza 2;2023-12-03;14:00:00;15:00:00;6090
a9652ebd-80a7-4e3c-9c82-da5a33132fa2;25;Gran Plaza 2;2023-12-03;15:00:00;16:00:00;5629
a9652ebd-80a7-4e3c-9c82-da5a33132fa2;25;Gran Plaza 2;2023-12-03;16:00:00;17:00:00;6196
a9652ebd-80a7-4e3c-9c82-da5a33132fa2;25;Gran Plaza 2;2023-12-03;17:00:00;18:00:00;7521
a9652ebd-80a7-4e3c-9c82-da5a33132fa2;25;Gran Plaza 2;2023-12-03;18:00:00;19:00:00;7806
a9652ebd-80a7-4e3c-9c82-da5a33132fa2;25;Gran Plaza 2;2023-12-03;19:00:00;20:00:00;7543
a9652ebd-80a7-4e3c-9c82-da5a33132fa2;25;Gran Plaza 2;2023-12-03;20:00:00;21:00:00;5657
a9652ebd-80a7-4e3c-9c82-da5a33132fa2;25;Gran Plaza 2;2023-12-03;21:00:00;22:00:00;3183
4f86178d-a155-40d0-977b-657954882fed;26;Gran Vía 2;2023-11-27;10:00:00;11:00:00;2288
4f86178d-a155-40d0-977b-657954882fed;26;Gran Vía 2;2023-11-27;11:00:00;12:00:00;2811
4f86178d-a155-40d0-977b-657954882fed;26;Gran Vía 2;2023-11-27;12:00:00;13:00:00;3199
4f86178d-a155-40d0-977b-657954882fed;26;Gran Vía 2;2023-11-27;13:00:00;14:00:00;3025
4f86178d-a155-40d0-977b-657954882fed;26;Gran Vía 2;2023-11-27;14:00:00;15:00:00;3148
4f86178d-a155-40d0-977b-657954882fed;26;Gran Vía 2;2023-11-27;15:00:00;16:00:00;3081
4f86178d-a155-40d0-977b-657954882fed;26;Gran Vía 2;2023-11-27;16:00:00;17:00:00;3022
4f86178d-a155-40d0-977b-657954882fed;26;Gran Vía 2;2023-11-27;17:00:00;18:00:00;3798
4f86178d-a155-40d0-977b-657954882fed;26;Gran Vía 2;2023-11-27;18:00:00;19:00:00;4535
4f86178d-a155-40d0-977b-657954882fed;26;Gran Vía 2;2023-11-27;19:00:00;20:00:00;4059
4f86178d-a155-40d0-977b-657954882fed;26;Gran Vía 2;2023-11-27;20:00:00;21:00:00;3386
4f86178d-a155-40d0-977b-657954882fed;26;Gran Vía 2;2023-11-27;21:00:00;22:00:00;2064
4f86178d-a155-40d0-977b-657954882fed;26;Gran Vía 2;2023-11-28;10:00:00;11:00:00;2532
4f86178d-a155-40d0-977b-657954882fed;26;Gran Vía 2;2023-11-28;11:00:00;12:00:00;3119
4f86178d-a155-40d0-977b-657954882fed;26;Gran Vía 2;2023-11-28;12:00:00;13:00:00;3299
4f86178d-a155-40d0-977b-657954882fed;26;Gran Vía 2;2023-11-28;13:00:00;14:00:00;3469
4f86178d-a155-40d0-977b-657954882fed;26;Gran Vía 2;2023-11-28;14:00:00;15:00:00;3190
4f86178d-a155-40d0-977b-657954882fed;26;Gran Vía 2;2023-11-28;15:00:00;16:00:00;3371
4f86178d-a155-40d0-977b-657954882fed;26;Gran Vía 2;2023-11-28;16:00:00;17:00:00;3586
4f86178d-a155-40d0-977b-657954882fed;26;Gran Vía 2;2023-11-28;17:00:00;18:00:00;3911
4f86178d-a155-40d0-977b-657954882fed;26;Gran Vía 2;2023-11-28;18:00:00;19:00:00;4480
4f86178d-a155-40d0-977b-657954882fed;26;Gran Vía 2;2023-11-28;19:00:00;20:00:00;4188
4f86178d-a155-40d0-977b-657954882fed;26;Gran Vía 2;2023-11-28;20:00:00;21:00:00;3259
4f86178d-a155-40d0-977b-657954882fed;26;Gran Vía 2;2023-11-28;21:00:00;22:00:00;2056
4f86178d-a155-40d0-977b-657954882fed;26;Gran Vía 2;2023-11-29;10:00:00;11:00:00;2495
4f86178d-a155-40d0-977b-657954882fed;26;Gran Vía 2;2023-11-29;11:00:00;12:00:00;3285
4f86178d-a155-40d0-977b-657954882fed;26;Gran Vía 2;2023-11-29;12:00:00;13:00:00;3270
4f86178d-a155-40d0-977b-657954882fed;26;Gran Vía 2;2023-11-29;13:00:00;14:00:00;3474
4f86178d-a155-40d0-977b-657954882fed;26;Gran Vía 2;2023-11-29;14:00:00;15:00:00;3531
4f86178d-a155-40d0-977b-657954882fed;26;Gran Vía 2;2023-11-29;15:00:00;16:00:00;3266
4f86178d-a155-40d0-977b-657954882fed;26;Gran Vía 2;2023-11-29;16:00:00;17:00:00;3314
4f86178d-a155-40d0-977b-657954882fed;26;Gran Vía 2;2023-11-29;17:00:00;18:00:00;3790
4f86178d-a155-40d0-977b-657954882fed;26;Gran Vía 2;2023-11-29;18:00:00;19:00:00;4868
4f86178d-a155-40d0-977b-657954882fed;26;Gran Vía 2;2023-11-29;19:00:00;20:00:00;4945
4f86178d-a155-40d0-977b-657954882fed;26;Gran Vía 2;2023-11-29;20:00:00;21:00:00;3694
4f86178d-a155-40d0-977b-657954882fed;26;Gran Vía 2;2023-11-29;21:00:00;22:00:00;2243
4f86178d-a155-40d0-977b-657954882fed;26;Gran Vía 2;2023-11-30;10:00:00;11:00:00;2455
4f86178d-a155-40d0-977b-657954882fed;26;Gran Vía 2;2023-11-30;11:00:00;12:00:00;2928
4f86178d-a155-40d0-977b-657954882fed;26;Gran Vía 2;2023-11-30;12:00:00;13:00:00;3176
4f86178d-a155-40d0-977b-657954882fed;26;Gran Vía 2;2023-11-30;13:00:00;14:00:00;3279
4f86178d-a155-40d0-977b-657954882fed;26;Gran Vía 2;2023-11-30;14:00:00;15:00:00;3142
4f86178d-a155-40d0-977b-657954882fed;26;Gran Vía 2;2023-11-30;15:00:00;16:00:00;3185
4f86178d-a155-40d0-977b-657954882fed;26;Gran Vía 2;2023-11-30;16:00:00;17:00:00;3253
4f86178d-a155-40d0-977b-657954882fed;26;Gran Vía 2;2023-11-30;17:00:00;18:00:00;3641
4f86178d-a155-40d0-977b-657954882fed;26;Gran Vía 2;2023-11-30;18:00:00;19:00:00;4382
4f86178d-a155-40d0-977b-657954882fed;26;Gran Vía 2;2023-11-30;19:00:00;20:00:00;4879
4f86178d-a155-40d0-977b-657954882fed;26;Gran Vía 2;2023-11-30;20:00:00;21:00:00;3655
4f86178d-a155-40d0-977b-657954882fed;26;Gran Vía 2;2023-11-30;21:00:00;22:00:00;2030
4f86178d-a155-40d0-977b-657954882fed;26;Gran Vía 2;2023-12-01;10:00:00;11:00:00;2412
4f86178d-a155-40d0-977b-657954882fed;26;Gran Vía 2;2023-12-01;11:00:00;12:00:00;2866
4f86178d-a155-40d0-977b-657954882fed;26;Gran Vía 2;2023-12-01;12:00:00;13:00:00;3044
4f86178d-a155-40d0-977b-657954882fed;26;Gran Vía 2;2023-12-01;13:00:00;14:00:00;3215
4f86178d-a155-40d0-977b-657954882fed;26;Gran Vía 2;2023-12-01;14:00:00;15:00:00;3136
4f86178d-a155-40d0-977b-657954882fed;26;Gran Vía 2;2023-12-01;15:00:00;16:00:00;3449
4f86178d-a155-40d0-977b-657954882fed;26;Gran Vía 2;2023-12-01;16:00:00;17:00:00;3619
4f86178d-a155-40d0-977b-657954882fed;26;Gran Vía 2;2023-12-01;17:00:00;18:00:00;4672
4f86178d-a155-40d0-977b-657954882fed;26;Gran Vía 2;2023-12-01;18:00:00;19:00:00;5607
4f86178d-a155-40d0-977b-657954882fed;26;Gran Vía 2;2023-12-01;19:00:00;20:00:00;5735
4f86178d-a155-40d0-977b-657954882fed;26;Gran Vía 2;2023-12-01;20:00:00;21:00:00;4394
4f86178d-a155-40d0-977b-657954882fed;26;Gran Vía 2;2023-12-01;21:00:00;22:00:00;2395
4f86178d-a155-40d0-977b-657954882fed;26;Gran Vía 2;2023-12-02;10:00:00;11:00:00;2673
4f86178d-a155-40d0-977b-657954882fed;26;Gran Vía 2;2023-12-02;11:00:00;12:00:00;4134
4f86178d-a155-40d0-977b-657954882fed;26;Gran Vía 2;2023-12-02;12:00:00;13:00:00;5479
4f86178d-a155-40d0-977b-657954882fed;26;Gran Vía 2;2023-12-02;13:00:00;14:00:00;5692
4f86178d-a155-40d0-977b-657954882fed;26;Gran Vía 2;2023-12-02;14:00:00;15:00:00;5277
4f86178d-a155-40d0-977b-657954882fed;26;Gran Vía 2;2023-12-02;15:00:00;16:00:00;5379
4f86178d-a155-40d0-977b-657954882fed;26;Gran Vía 2;2023-12-02;16:00:00;17:00:00;6130
4f86178d-a155-40d0-977b-657954882fed;26;Gran Vía 2;2023-12-02;17:00:00;18:00:00;7581
4f86178d-a155-40d0-977b-657954882fed;26;Gran Vía 2;2023-12-02;18:00:00;19:00:00;9305
4f86178d-a155-40d0-977b-657954882fed;26;Gran Vía 2;2023-12-02;19:00:00;20:00:00;9323
4f86178d-a155-40d0-977b-657954882fed;26;Gran Vía 2;2023-12-02;20:00:00;21:00:00;7261
4f86178d-a155-40d0-977b-657954882fed;26;Gran Vía 2;2023-12-02;21:00:00;22:00:00;3644
4f86178d-a155-40d0-977b-657954882fed;26;Gran Vía 2;2023-12-03;10:00:00;11:00:00;0
4f86178d-a155-40d0-977b-657954882fed;26;Gran Vía 2;2023-12-03;11:00:00;12:00:00;0
4f86178d-a155-40d0-977b-657954882fed;26;Gran Vía 2;2023-12-03;12:00:00;13:00:00;0
4f86178d-a155-40d0-977b-657954882fed;26;Gran Vía 2;2023-12-03;13:00:00;14:00:00;0
4f86178d-a155-40d0-977b-657954882fed;26;Gran Vía 2;2023-12-03;14:00:00;15:00:00;0
4f86178d-a155-40d0-977b-657954882fed;26;Gran Vía 2;2023-12-03;15:00:00;16:00:00;0
4f86178d-a155-40d0-977b-657954882fed;26;Gran Vía 2;2023-12-03;16:00:00;17:00:00;0
4f86178d-a155-40d0-977b-657954882fed;26;Gran Vía 2;2023-12-03;17:00:00;18:00:00;0
4f86178d-a155-40d0-977b-657954882fed;26;Gran Vía 2;2023-12-03;18:00:00;19:00:00;0
4f86178d-a155-40d0-977b-657954882fed;26;Gran Vía 2;2023-12-03;19:00:00;20:00:00;0
4f86178d-a155-40d0-977b-657954882fed;26;Gran Vía 2;2023-12-03;20:00:00;21:00:00;0
4f86178d-a155-40d0-977b-657954882fed;26;Gran Vía 2;2023-12-03;21:00:00;22:00:00;0
b345570b-20c8-4b90-b0ed-9ddaabdec93e;24;GranCasa;2023-11-27;10:00:00;11:00:00;7455
b345570b-20c8-4b90-b0ed-9ddaabdec93e;24;GranCasa;2023-11-27;11:00:00;12:00:00;8235
b345570b-20c8-4b90-b0ed-9ddaabdec93e;24;GranCasa;2023-11-27;12:00:00;13:00:00;8110
b345570b-20c8-4b90-b0ed-9ddaabdec93e;24;GranCasa;2023-11-27;13:00:00;14:00:00;7641
b345570b-20c8-4b90-b0ed-9ddaabdec93e;24;GranCasa;2023-11-27;14:00:00;15:00:00;7641
b345570b-20c8-4b90-b0ed-9ddaabdec93e;24;GranCasa;2023-11-27;15:00:00;16:00:00;7455
b345570b-20c8-4b90-b0ed-9ddaabdec93e;24;GranCasa;2023-11-27;16:00:00;17:00:00;7420
b345570b-20c8-4b90-b0ed-9ddaabdec93e;24;GranCasa;2023-11-27;17:00:00;18:00:00;8414
b345570b-20c8-4b90-b0ed-9ddaabdec93e;24;GranCasa;2023-11-27;18:00:00;19:00:00;8842
b345570b-20c8-4b90-b0ed-9ddaabdec93e;24;GranCasa;2023-11-27;19:00:00;20:00:00;8166
b345570b-20c8-4b90-b0ed-9ddaabdec93e;24;GranCasa;2023-11-27;20:00:00;21:00:00;7862
b345570b-20c8-4b90-b0ed-9ddaabdec93e;24;GranCasa;2023-11-27;21:00:00;22:00:00;7009
b345570b-20c8-4b90-b0ed-9ddaabdec93e;24;GranCasa;2023-11-28;10:00:00;11:00:00;7183
b345570b-20c8-4b90-b0ed-9ddaabdec93e;24;GranCasa;2023-11-28;11:00:00;12:00:00;7665
b345570b-20c8-4b90-b0ed-9ddaabdec93e;24;GranCasa;2023-11-28;12:00:00;13:00:00;7685
b345570b-20c8-4b90-b0ed-9ddaabdec93e;24;GranCasa;2023-11-28;13:00:00;14:00:00;7922
b345570b-20c8-4b90-b0ed-9ddaabdec93e;24;GranCasa;2023-11-28;14:00:00;15:00:00;8430
b345570b-20c8-4b90-b0ed-9ddaabdec93e;24;GranCasa;2023-11-28;15:00:00;16:00:00;8044
b345570b-20c8-4b90-b0ed-9ddaabdec93e;24;GranCasa;2023-11-28;16:00:00;17:00:00;8377
b345570b-20c8-4b90-b0ed-9ddaabdec93e;24;GranCasa;2023-11-28;17:00:00;18:00:00;9091
b345570b-20c8-4b90-b0ed-9ddaabdec93e;24;GranCasa;2023-11-28;18:00:00;19:00:00;9700
b345570b-20c8-4b90-b0ed-9ddaabdec93e;24;GranCasa;2023-11-28;19:00:00;20:00:00;9302
b345570b-20c8-4b90-b0ed-9ddaabdec93e;24;GranCasa;2023-11-28;20:00:00;21:00:00;8270
b345570b-20c8-4b90-b0ed-9ddaabdec93e;24;GranCasa;2023-11-28;21:00:00;22:00:00;6907
b345570b-20c8-4b90-b0ed-9ddaabdec93e;24;GranCasa;2023-11-29;10:00:00;11:00:00;7941
b345570b-20c8-4b90-b0ed-9ddaabdec93e;24;GranCasa;2023-11-29;11:00:00;12:00:00;8542
b345570b-20c8-4b90-b0ed-9ddaabdec93e;24;GranCasa;2023-11-29;12:00:00;13:00:00;8618
b345570b-20c8-4b90-b0ed-9ddaabdec93e;24;GranCasa;2023-11-29;13:00:00;14:00:00;8751
b345570b-20c8-4b90-b0ed-9ddaabdec93e;24;GranCasa;2023-11-29;14:00:00;15:00:00;8756
b345570b-20c8-4b90-b0ed-9ddaabdec93e;24;GranCasa;2023-11-29;15:00:00;16:00:00;8358
b345570b-20c8-4b90-b0ed-9ddaabdec93e;24;GranCasa;2023-11-29;16:00:00;17:00:00;8499
b345570b-20c8-4b90-b0ed-9ddaabdec93e;24;GranCasa;2023-11-29;17:00:00;18:00:00;8568
b345570b-20c8-4b90-b0ed-9ddaabdec93e;24;GranCasa;2023-11-29;18:00:00;19:00:00;9708
b345570b-20c8-4b90-b0ed-9ddaabdec93e;24;GranCasa;2023-11-29;19:00:00;20:00:00;9279
b345570b-20c8-4b90-b0ed-9ddaabdec93e;24;GranCasa;2023-11-29;20:00:00;21:00:00;8632
b345570b-20c8-4b90-b0ed-9ddaabdec93e;24;GranCasa;2023-11-29;21:00:00;22:00:00;7302
b345570b-20c8-4b90-b0ed-9ddaabdec93e;24;GranCasa;2023-11-30;10:00:00;11:00:00;7895
b345570b-20c8-4b90-b0ed-9ddaabdec93e;24;GranCasa;2023-11-30;11:00:00;12:00:00;8484
b345570b-20c8-4b90-b0ed-9ddaabdec93e;24;GranCasa;2023-11-30;12:00:00;13:00:00;8519
b345570b-20c8-4b90-b0ed-9ddaabdec93e;24;GranCasa;2023-11-30;13:00:00;14:00:00;8709
b345570b-20c8-4b90-b0ed-9ddaabdec93e;24;GranCasa;2023-11-30;14:00:00;15:00:00;8604
b345570b-20c8-4b90-b0ed-9ddaabdec93e;24;GranCasa;2023-11-30;15:00:00;16:00:00;7788
b345570b-20c8-4b90-b0ed-9ddaabdec93e;24;GranCasa;2023-11-30;16:00:00;17:00:00;7723
b345570b-20c8-4b90-b0ed-9ddaabdec93e;24;GranCasa;2023-11-30;17:00:00;18:00:00;8729
b345570b-20c8-4b90-b0ed-9ddaabdec93e;24;GranCasa;2023-11-30;18:00:00;19:00:00;9113
b345570b-20c8-4b90-b0ed-9ddaabdec93e;24;GranCasa;2023-11-30;19:00:00;20:00:00;8970
b345570b-20c8-4b90-b0ed-9ddaabdec93e;24;GranCasa;2023-11-30;20:00:00;21:00:00;7980
b345570b-20c8-4b90-b0ed-9ddaabdec93e;24;GranCasa;2023-11-30;21:00:00;22:00:00;6579
b345570b-20c8-4b90-b0ed-9ddaabdec93e;24;GranCasa;2023-12-01;10:00:00;11:00:00;7233
b345570b-20c8-4b90-b0ed-9ddaabdec93e;24;GranCasa;2023-12-01;11:00:00;12:00:00;7845
b345570b-20c8-4b90-b0ed-9ddaabdec93e;24;GranCasa;2023-12-01;12:00:00;13:00:00;8109
b345570b-20c8-4b90-b0ed-9ddaabdec93e;24;GranCasa;2023-12-01;13:00:00;14:00:00;8296
b345570b-20c8-4b90-b0ed-9ddaabdec93e;24;GranCasa;2023-12-01;14:00:00;15:00:00;8305
b345570b-20c8-4b90-b0ed-9ddaabdec93e;24;GranCasa;2023-12-01;15:00:00;16:00:00;8370
b345570b-20c8-4b90-b0ed-9ddaabdec93e;24;GranCasa;2023-12-01;16:00:00;17:00:00;8533
b345570b-20c8-4b90-b0ed-9ddaabdec93e;24;GranCasa;2023-12-01;17:00:00;18:00:00;9040
b345570b-20c8-4b90-b0ed-9ddaabdec93e;24;GranCasa;2023-12-01;18:00:00;19:00:00;9500
b345570b-20c8-4b90-b0ed-9ddaabdec93e;24;GranCasa;2023-12-01;19:00:00;20:00:00;10016
b345570b-20c8-4b90-b0ed-9ddaabdec93e;24;GranCasa;2023-12-01;20:00:00;21:00:00;9655
b345570b-20c8-4b90-b0ed-9ddaabdec93e;24;GranCasa;2023-12-01;21:00:00;22:00:00;7857
b345570b-20c8-4b90-b0ed-9ddaabdec93e;24;GranCasa;2023-12-02;10:00:00;11:00:00;7167
b345570b-20c8-4b90-b0ed-9ddaabdec93e;24;GranCasa;2023-12-02;11:00:00;12:00:00;7981
b345570b-20c8-4b90-b0ed-9ddaabdec93e;24;GranCasa;2023-12-02;12:00:00;13:00:00;8666
b345570b-20c8-4b90-b0ed-9ddaabdec93e;24;GranCasa;2023-12-02;13:00:00;14:00:00;8699
b345570b-20c8-4b90-b0ed-9ddaabdec93e;24;GranCasa;2023-12-02;14:00:00;15:00:00;8430
b345570b-20c8-4b90-b0ed-9ddaabdec93e;24;GranCasa;2023-12-02;15:00:00;16:00:00;8271
b345570b-20c8-4b90-b0ed-9ddaabdec93e;24;GranCasa;2023-12-02;16:00:00;17:00:00;8473
b345570b-20c8-4b90-b0ed-9ddaabdec93e;24;GranCasa;2023-12-02;17:00:00;18:00:00;9112
b345570b-20c8-4b90-b0ed-9ddaabdec93e;24;GranCasa;2023-12-02;18:00:00;19:00:00;10242
b345570b-20c8-4b90-b0ed-9ddaabdec93e;24;GranCasa;2023-12-02;19:00:00;20:00:00;10431
b345570b-20c8-4b90-b0ed-9ddaabdec93e;24;GranCasa;2023-12-02;20:00:00;21:00:00;9700
b345570b-20c8-4b90-b0ed-9ddaabdec93e;24;GranCasa;2023-12-02;21:00:00;22:00:00;8421
b345570b-20c8-4b90-b0ed-9ddaabdec93e;24;GranCasa;2023-12-03;10:00:00;11:00:00;0
b345570b-20c8-4b90-b0ed-9ddaabdec93e;24;GranCasa;2023-12-03;11:00:00;12:00:00;0
b345570b-20c8-4b90-b0ed-9ddaabdec93e;24;GranCasa;2023-12-03;12:00:00;13:00:00;0
b345570b-20c8-4b90-b0ed-9ddaabdec93e;24;GranCasa;2023-12-03;13:00:00;14:00:00;0
b345570b-20c8-4b90-b0ed-9ddaabdec93e;24;GranCasa;2023-12-03;14:00:00;15:00:00;0
b345570b-20c8-4b90-b0ed-9ddaabdec93e;24;GranCasa;2023-12-03;15:00:00;16:00:00;0
b345570b-20c8-4b90-b0ed-9ddaabdec93e;24;GranCasa;2023-12-03;16:00:00;17:00:00;0
b345570b-20c8-4b90-b0ed-9ddaabdec93e;24;GranCasa;2023-12-03;17:00:00;18:00:00;0
b345570b-20c8-4b90-b0ed-9ddaabdec93e;24;GranCasa;2023-12-03;18:00:00;19:00:00;0
b345570b-20c8-4b90-b0ed-9ddaabdec93e;24;GranCasa;2023-12-03;19:00:00;20:00:00;0
b345570b-20c8-4b90-b0ed-9ddaabdec93e;24;GranCasa;2023-12-03;20:00:00;21:00:00;0
b345570b-20c8-4b90-b0ed-9ddaabdec93e;24;GranCasa;2023-12-03;21:00:00;22:00:00;0
bf207f85-1735-4979-85d2-289f183bf178;2;L'Illa Diagonal;2023-11-27;10:00:00;11:00:00;3242
bf207f85-1735-4979-85d2-289f183bf178;2;L'Illa Diagonal;2023-11-27;11:00:00;12:00:00;3959
bf207f85-1735-4979-85d2-289f183bf178;2;L'Illa Diagonal;2023-11-27;12:00:00;13:00:00;4383
bf207f85-1735-4979-85d2-289f183bf178;2;L'Illa Diagonal;2023-11-27;13:00:00;14:00:00;4781
bf207f85-1735-4979-85d2-289f183bf178;2;L'Illa Diagonal;2023-11-27;14:00:00;15:00:00;4978
bf207f85-1735-4979-85d2-289f183bf178;2;L'Illa Diagonal;2023-11-27;15:00:00;16:00:00;4361
bf207f85-1735-4979-85d2-289f183bf178;2;L'Illa Diagonal;2023-11-27;16:00:00;17:00:00;4241
bf207f85-1735-4979-85d2-289f183bf178;2;L'Illa Diagonal;2023-11-27;17:00:00;18:00:00;4780
bf207f85-1735-4979-85d2-289f183bf178;2;L'Illa Diagonal;2023-11-27;18:00:00;19:00:00;4700
bf207f85-1735-4979-85d2-289f183bf178;2;L'Illa Diagonal;2023-11-27;19:00:00;20:00:00;4382
bf207f85-1735-4979-85d2-289f183bf178;2;L'Illa Diagonal;2023-11-27;20:00:00;21:00:00;3198
bf207f85-1735-4979-85d2-289f183bf178;2;L'Illa Diagonal;2023-11-27;21:00:00;22:00:00;1582
bf207f85-1735-4979-85d2-289f183bf178;2;L'Illa Diagonal;2023-11-28;10:00:00;11:00:00;3514
bf207f85-1735-4979-85d2-289f183bf178;2;L'Illa Diagonal;2023-11-28;11:00:00;12:00:00;4391
bf207f85-1735-4979-85d2-289f183bf178;2;L'Illa Diagonal;2023-11-28;12:00:00;13:00:00;4665
bf207f85-1735-4979-85d2-289f183bf178;2;L'Illa Diagonal;2023-11-28;13:00:00;14:00:00;4817
bf207f85-1735-4979-85d2-289f183bf178;2;L'Illa Diagonal;2023-11-28;14:00:00;15:00:00;5095
bf207f85-1735-4979-85d2-289f183bf178;2;L'Illa Diagonal;2023-11-28;15:00:00;16:00:00;4903
bf207f85-1735-4979-85d2-289f183bf178;2;L'Illa Diagonal;2023-11-28;16:00:00;17:00:00;4804
bf207f85-1735-4979-85d2-289f183bf178;2;L'Illa Diagonal;2023-11-28;17:00:00;18:00:00;5221
bf207f85-1735-4979-85d2-289f183bf178;2;L'Illa Diagonal;2023-11-28;18:00:00;19:00:00;5278
bf207f85-1735-4979-85d2-289f183bf178;2;L'Illa Diagonal;2023-11-28;19:00:00;20:00:00;5097
bf207f85-1735-4979-85d2-289f183bf178;2;L'Illa Diagonal;2023-11-28;20:00:00;21:00:00;3533
bf207f85-1735-4979-85d2-289f183bf178;2;L'Illa Diagonal;2023-11-28;21:00:00;22:00:00;1769
bf207f85-1735-4979-85d2-289f183bf178;2;L'Illa Diagonal;2023-11-29;10:00:00;11:00:00;3715
bf207f85-1735-4979-85d2-289f183bf178;2;L'Illa Diagonal;2023-11-29;11:00:00;12:00:00;4787
bf207f85-1735-4979-85d2-289f183bf178;2;L'Illa Diagonal;2023-11-29;12:00:00;13:00:00;4979
bf207f85-1735-4979-85d2-289f183bf178;2;L'Illa Diagonal;2023-11-29;13:00:00;14:00:00;5648
bf207f85-1735-4979-85d2-289f183bf178;2;L'Illa Diagonal;2023-11-29;14:00:00;15:00:00;6071
bf207f85-1735-4979-85d2-289f183bf178;2;L'Illa Diagonal;2023-11-29;15:00:00;16:00:00;5348
bf207f85-1735-4979-85d2-289f183bf178;2;L'Illa Diagonal;2023-11-29;16:00:00;17:00:00;4605
bf207f85-1735-4979-85d2-289f183bf178;2;L'Illa Diagonal;2023-11-29;17:00:00;18:00:00;4826
bf207f85-1735-4979-85d2-289f183bf178;2;L'Illa Diagonal;2023-11-29;18:00:00;19:00:00;5480
bf207f85-1735-4979-85d2-289f183bf178;2;L'Illa Diagonal;2023-11-29;19:00:00;20:00:00;5273
bf207f85-1735-4979-85d2-289f183bf178;2;L'Illa Diagonal;2023-11-29;20:00:00;21:00:00;3958
bf207f85-1735-4979-85d2-289f183bf178;2;L'Illa Diagonal;2023-11-29;21:00:00;22:00:00;1873
bf207f85-1735-4979-85d2-289f183bf178;2;L'Illa Diagonal;2023-11-30;10:00:00;11:00:00;3660
bf207f85-1735-4979-85d2-289f183bf178;2;L'Illa Diagonal;2023-11-30;11:00:00;12:00:00;4588
bf207f85-1735-4979-85d2-289f183bf178;2;L'Illa Diagonal;2023-11-30;12:00:00;13:00:00;5028
bf207f85-1735-4979-85d2-289f183bf178;2;L'Illa Diagonal;2023-11-30;13:00:00;14:00:00;5348
bf207f85-1735-4979-85d2-289f183bf178;2;L'Illa Diagonal;2023-11-30;14:00:00;15:00:00;5798
bf207f85-1735-4979-85d2-289f183bf178;2;L'Illa Diagonal;2023-11-30;15:00:00;16:00:00;5483
bf207f85-1735-4979-85d2-289f183bf178;2;L'Illa Diagonal;2023-11-30;16:00:00;17:00:00;5055
bf207f85-1735-4979-85d2-289f183bf178;2;L'Illa Diagonal;2023-11-30;17:00:00;18:00:00;5365
bf207f85-1735-4979-85d2-289f183bf178;2;L'Illa Diagonal;2023-11-30;18:00:00;19:00:00;5402
bf207f85-1735-4979-85d2-289f183bf178;2;L'Illa Diagonal;2023-11-30;19:00:00;20:00:00;5583
bf207f85-1735-4979-85d2-289f183bf178;2;L'Illa Diagonal;2023-11-30;20:00:00;21:00:00;4062
bf207f85-1735-4979-85d2-289f183bf178;2;L'Illa Diagonal;2023-11-30;21:00:00;22:00:00;2190
bf207f85-1735-4979-85d2-289f183bf178;2;L'Illa Diagonal;2023-12-01;10:00:00;11:00:00;3174
bf207f85-1735-4979-85d2-289f183bf178;2;L'Illa Diagonal;2023-12-01;11:00:00;12:00:00;3887
bf207f85-1735-4979-85d2-289f183bf178;2;L'Illa Diagonal;2023-12-01;12:00:00;13:00:00;4363
bf207f85-1735-4979-85d2-289f183bf178;2;L'Illa Diagonal;2023-12-01;13:00:00;14:00:00;4508
bf207f85-1735-4979-85d2-289f183bf178;2;L'Illa Diagonal;2023-12-01;14:00:00;15:00:00;4941
bf207f85-1735-4979-85d2-289f183bf178;2;L'Illa Diagonal;2023-12-01;15:00:00;16:00:00;5523
bf207f85-1735-4979-85d2-289f183bf178;2;L'Illa Diagonal;2023-12-01;16:00:00;17:00:00;5624
bf207f85-1735-4979-85d2-289f183bf178;2;L'Illa Diagonal;2023-12-01;17:00:00;18:00:00;5942
bf207f85-1735-4979-85d2-289f183bf178;2;L'Illa Diagonal;2023-12-01;18:00:00;19:00:00;6334
bf207f85-1735-4979-85d2-289f183bf178;2;L'Illa Diagonal;2023-12-01;19:00:00;20:00:00;6141
bf207f85-1735-4979-85d2-289f183bf178;2;L'Illa Diagonal;2023-12-01;20:00:00;21:00:00;4542
bf207f85-1735-4979-85d2-289f183bf178;2;L'Illa Diagonal;2023-12-01;21:00:00;22:00:00;2263
bf207f85-1735-4979-85d2-289f183bf178;2;L'Illa Diagonal;2023-12-02;10:00:00;11:00:00;2375
bf207f85-1735-4979-85d2-289f183bf178;2;L'Illa Diagonal;2023-12-02;11:00:00;12:00:00;4171
bf207f85-1735-4979-85d2-289f183bf178;2;L'Illa Diagonal;2023-12-02;12:00:00;13:00:00;6001
bf207f85-1735-4979-85d2-289f183bf178;2;L'Illa Diagonal;2023-12-02;13:00:00;14:00:00;6695
bf207f85-1735-4979-85d2-289f183bf178;2;L'Illa Diagonal;2023-12-02;14:00:00;15:00:00;6343
bf207f85-1735-4979-85d2-289f183bf178;2;L'Illa Diagonal;2023-12-02;15:00:00;16:00:00;6106
bf207f85-1735-4979-85d2-289f183bf178;2;L'Illa Diagonal;2023-12-02;16:00:00;17:00:00;7179
bf207f85-1735-4979-85d2-289f183bf178;2;L'Illa Diagonal;2023-12-02;17:00:00;18:00:00;8123
bf207f85-1735-4979-85d2-289f183bf178;2;L'Illa Diagonal;2023-12-02;18:00:00;19:00:00;9138
bf207f85-1735-4979-85d2-289f183bf178;2;L'Illa Diagonal;2023-12-02;19:00:00;20:00:00;8979
bf207f85-1735-4979-85d2-289f183bf178;2;L'Illa Diagonal;2023-12-02;20:00:00;21:00:00;6906
bf207f85-1735-4979-85d2-289f183bf178;2;L'Illa Diagonal;2023-12-02;21:00:00;22:00:00;3357
bf207f85-1735-4979-85d2-289f183bf178;2;L'Illa Diagonal;2023-12-03;10:00:00;11:00:00;0
bf207f85-1735-4979-85d2-289f183bf178;2;L'Illa Diagonal;2023-12-03;11:00:00;12:00:00;0
bf207f85-1735-4979-85d2-289f183bf178;2;L'Illa Diagonal;2023-12-03;12:00:00;13:00:00;0
bf207f85-1735-4979-85d2-289f183bf178;2;L'Illa Diagonal;2023-12-03;13:00:00;14:00:00;0
bf207f85-1735-4979-85d2-289f183bf178;2;L'Illa Diagonal;2023-12-03;14:00:00;15:00:00;0
bf207f85-1735-4979-85d2-289f183bf178;2;L'Illa Diagonal;2023-12-03;15:00:00;16:00:00;0
bf207f85-1735-4979-85d2-289f183bf178;2;L'Illa Diagonal;2023-12-03;16:00:00;17:00:00;0
bf207f85-1735-4979-85d2-289f183bf178;2;L'Illa Diagonal;2023-12-03;17:00:00;18:00:00;0
bf207f85-1735-4979-85d2-289f183bf178;2;L'Illa Diagonal;2023-12-03;18:00:00;19:00:00;0
bf207f85-1735-4979-85d2-289f183bf178;2;L'Illa Diagonal;2023-12-03;19:00:00;20:00:00;0
bf207f85-1735-4979-85d2-289f183bf178;2;L'Illa Diagonal;2023-12-03;20:00:00;21:00:00;0
bf207f85-1735-4979-85d2-289f183bf178;2;L'Illa Diagonal;2023-12-03;21:00:00;22:00:00;0
b2fd26f7-6048-4f10-8eba-5f90879f470e;29;La Farga;2023-11-27;10:00:00;11:00:00;670
b2fd26f7-6048-4f10-8eba-5f90879f470e;29;La Farga;2023-11-27;11:00:00;12:00:00;798
b2fd26f7-6048-4f10-8eba-5f90879f470e;29;La Farga;2023-11-27;12:00:00;13:00:00;668
b2fd26f7-6048-4f10-8eba-5f90879f470e;29;La Farga;2023-11-27;13:00:00;14:00:00;678
b2fd26f7-6048-4f10-8eba-5f90879f470e;29;La Farga;2023-11-27;14:00:00;15:00:00;784
b2fd26f7-6048-4f10-8eba-5f90879f470e;29;La Farga;2023-11-27;15:00:00;16:00:00;839
b2fd26f7-6048-4f10-8eba-5f90879f470e;29;La Farga;2023-11-27;16:00:00;17:00:00;854
b2fd26f7-6048-4f10-8eba-5f90879f470e;29;La Farga;2023-11-27;17:00:00;18:00:00;888
b2fd26f7-6048-4f10-8eba-5f90879f470e;29;La Farga;2023-11-27;18:00:00;19:00:00;913
b2fd26f7-6048-4f10-8eba-5f90879f470e;29;La Farga;2023-11-27;19:00:00;20:00:00;812
b2fd26f7-6048-4f10-8eba-5f90879f470e;29;La Farga;2023-11-27;20:00:00;21:00:00;904
b2fd26f7-6048-4f10-8eba-5f90879f470e;29;La Farga;2023-11-27;21:00:00;22:00:00;806
b2fd26f7-6048-4f10-8eba-5f90879f470e;29;La Farga;2023-11-28;10:00:00;11:00:00;567
b2fd26f7-6048-4f10-8eba-5f90879f470e;29;La Farga;2023-11-28;11:00:00;12:00:00;780
b2fd26f7-6048-4f10-8eba-5f90879f470e;29;La Farga;2023-11-28;12:00:00;13:00:00;813
b2fd26f7-6048-4f10-8eba-5f90879f470e;29;La Farga;2023-11-28;13:00:00;14:00:00;683
b2fd26f7-6048-4f10-8eba-5f90879f470e;29;La Farga;2023-11-28;14:00:00;15:00:00;864
b2fd26f7-6048-4f10-8eba-5f90879f470e;29;La Farga;2023-11-28;15:00:00;16:00:00;768
b2fd26f7-6048-4f10-8eba-5f90879f470e;29;La Farga;2023-11-28;16:00:00;17:00:00;875
b2fd26f7-6048-4f10-8eba-5f90879f470e;29;La Farga;2023-11-28;17:00:00;18:00:00;981
b2fd26f7-6048-4f10-8eba-5f90879f470e;29;La Farga;2023-11-28;18:00:00;19:00:00;1033
b2fd26f7-6048-4f10-8eba-5f90879f470e;29;La Farga;2023-11-28;19:00:00;20:00:00;901
b2fd26f7-6048-4f10-8eba-5f90879f470e;29;La Farga;2023-11-28;20:00:00;21:00:00;939
b2fd26f7-6048-4f10-8eba-5f90879f470e;29;La Farga;2023-11-28;21:00:00;22:00:00;881
b2fd26f7-6048-4f10-8eba-5f90879f470e;29;La Farga;2023-11-29;10:00:00;11:00:00;590
b2fd26f7-6048-4f10-8eba-5f90879f470e;29;La Farga;2023-11-29;11:00:00;12:00:00;800
b2fd26f7-6048-4f10-8eba-5f90879f470e;29;La Farga;2023-11-29;12:00:00;13:00:00;740
b2fd26f7-6048-4f10-8eba-5f90879f470e;29;La Farga;2023-11-29;13:00:00;14:00:00;745
b2fd26f7-6048-4f10-8eba-5f90879f470e;29;La Farga;2023-11-29;14:00:00;15:00:00;944
b2fd26f7-6048-4f10-8eba-5f90879f470e;29;La Farga;2023-11-29;15:00:00;16:00:00;862
b2fd26f7-6048-4f10-8eba-5f90879f470e;29;La Farga;2023-11-29;16:00:00;17:00:00;863
b2fd26f7-6048-4f10-8eba-5f90879f470e;29;La Farga;2023-11-29;17:00:00;18:00:00;996
b2fd26f7-6048-4f10-8eba-5f90879f470e;29;La Farga;2023-11-29;18:00:00;19:00:00;1058
b2fd26f7-6048-4f10-8eba-5f90879f470e;29;La Farga;2023-11-29;19:00:00;20:00:00;819
b2fd26f7-6048-4f10-8eba-5f90879f470e;29;La Farga;2023-11-29;20:00:00;21:00:00;899
b2fd26f7-6048-4f10-8eba-5f90879f470e;29;La Farga;2023-11-29;21:00:00;22:00:00;761
b2fd26f7-6048-4f10-8eba-5f90879f470e;29;La Farga;2023-11-30;10:00:00;11:00:00;596
b2fd26f7-6048-4f10-8eba-5f90879f470e;29;La Farga;2023-11-30;11:00:00;12:00:00;744
b2fd26f7-6048-4f10-8eba-5f90879f470e;29;La Farga;2023-11-30;12:00:00;13:00:00;801
b2fd26f7-6048-4f10-8eba-5f90879f470e;29;La Farga;2023-11-30;13:00:00;14:00:00;774
b2fd26f7-6048-4f10-8eba-5f90879f470e;29;La Farga;2023-11-30;14:00:00;15:00:00;901
b2fd26f7-6048-4f10-8eba-5f90879f470e;29;La Farga;2023-11-30;15:00:00;16:00:00;830
b2fd26f7-6048-4f10-8eba-5f90879f470e;29;La Farga;2023-11-30;16:00:00;17:00:00;801
b2fd26f7-6048-4f10-8eba-5f90879f470e;29;La Farga;2023-11-30;17:00:00;18:00:00;932
b2fd26f7-6048-4f10-8eba-5f90879f470e;29;La Farga;2023-11-30;18:00:00;19:00:00;1007
b2fd26f7-6048-4f10-8eba-5f90879f470e;29;La Farga;2023-11-30;19:00:00;20:00:00;850
b2fd26f7-6048-4f10-8eba-5f90879f470e;29;La Farga;2023-11-30;20:00:00;21:00:00;881
b2fd26f7-6048-4f10-8eba-5f90879f470e;29;La Farga;2023-11-30;21:00:00;22:00:00;752
b2fd26f7-6048-4f10-8eba-5f90879f470e;29;La Farga;2023-12-01;10:00:00;11:00:00;520
b2fd26f7-6048-4f10-8eba-5f90879f470e;29;La Farga;2023-12-01;11:00:00;12:00:00;631
b2fd26f7-6048-4f10-8eba-5f90879f470e;29;La Farga;2023-12-01;12:00:00;13:00:00;717
b2fd26f7-6048-4f10-8eba-5f90879f470e;29;La Farga;2023-12-01;13:00:00;14:00:00;720
b2fd26f7-6048-4f10-8eba-5f90879f470e;29;La Farga;2023-12-01;14:00:00;15:00:00;839
b2fd26f7-6048-4f10-8eba-5f90879f470e;29;La Farga;2023-12-01;15:00:00;16:00:00;843
b2fd26f7-6048-4f10-8eba-5f90879f470e;29;La Farga;2023-12-01;16:00:00;17:00:00;899
b2fd26f7-6048-4f10-8eba-5f90879f470e;29;La Farga;2023-12-01;17:00:00;18:00:00;1005
b2fd26f7-6048-4f10-8eba-5f90879f470e;29;La Farga;2023-12-01;18:00:00;19:00:00;975
b2fd26f7-6048-4f10-8eba-5f90879f470e;29;La Farga;2023-12-01;19:00:00;20:00:00;835
b2fd26f7-6048-4f10-8eba-5f90879f470e;29;La Farga;2023-12-01;20:00:00;21:00:00;864
b2fd26f7-6048-4f10-8eba-5f90879f470e;29;La Farga;2023-12-01;21:00:00;22:00:00;744
b2fd26f7-6048-4f10-8eba-5f90879f470e;29;La Farga;2023-12-02;10:00:00;11:00:00;654
b2fd26f7-6048-4f10-8eba-5f90879f470e;29;La Farga;2023-12-02;11:00:00;12:00:00;724
b2fd26f7-6048-4f10-8eba-5f90879f470e;29;La Farga;2023-12-02;12:00:00;13:00:00;747
b2fd26f7-6048-4f10-8eba-5f90879f470e;29;La Farga;2023-12-02;13:00:00;14:00:00;740
b2fd26f7-6048-4f10-8eba-5f90879f470e;29;La Farga;2023-12-02;14:00:00;15:00:00;727
b2fd26f7-6048-4f10-8eba-5f90879f470e;29;La Farga;2023-12-02;15:00:00;16:00:00;760
b2fd26f7-6048-4f10-8eba-5f90879f470e;29;La Farga;2023-12-02;16:00:00;17:00:00;819
b2fd26f7-6048-4f10-8eba-5f90879f470e;29;La Farga;2023-12-02;17:00:00;18:00:00;1038
b2fd26f7-6048-4f10-8eba-5f90879f470e;29;La Farga;2023-12-02;18:00:00;19:00:00;1041
b2fd26f7-6048-4f10-8eba-5f90879f470e;29;La Farga;2023-12-02;19:00:00;20:00:00;851
b2fd26f7-6048-4f10-8eba-5f90879f470e;29;La Farga;2023-12-02;20:00:00;21:00:00;868
b2fd26f7-6048-4f10-8eba-5f90879f470e;29;La Farga;2023-12-02;21:00:00;22:00:00;772
b2fd26f7-6048-4f10-8eba-5f90879f470e;29;La Farga;2023-12-03;10:00:00;11:00:00;28
b2fd26f7-6048-4f10-8eba-5f90879f470e;29;La Farga;2023-12-03;11:00:00;12:00:00;682
b2fd26f7-6048-4f10-8eba-5f90879f470e;29;La Farga;2023-12-03;12:00:00;13:00:00;1013
b2fd26f7-6048-4f10-8eba-5f90879f470e;29;La Farga;2023-12-03;13:00:00;14:00:00;1003
b2fd26f7-6048-4f10-8eba-5f90879f470e;29;La Farga;2023-12-03;14:00:00;15:00:00;1002
b2fd26f7-6048-4f10-8eba-5f90879f470e;29;La Farga;2023-12-03;15:00:00;16:00:00;901
b2fd26f7-6048-4f10-8eba-5f90879f470e;29;La Farga;2023-12-03;16:00:00;17:00:00;979
b2fd26f7-6048-4f10-8eba-5f90879f470e;29;La Farga;2023-12-03;17:00:00;18:00:00;1112
b2fd26f7-6048-4f10-8eba-5f90879f470e;29;La Farga;2023-12-03;18:00:00;19:00:00;1130
b2fd26f7-6048-4f10-8eba-5f90879f470e;29;La Farga;2023-12-03;19:00:00;20:00:00;1066
b2fd26f7-6048-4f10-8eba-5f90879f470e;29;La Farga;2023-12-03;20:00:00;21:00:00;1037
b2fd26f7-6048-4f10-8eba-5f90879f470e;29;La Farga;2023-12-03;21:00:00;22:00:00;979
96ebc324-97d7-4c0c-9122-c873141fc16a;61;La Villa 2;2023-11-27;10:00:00;11:00:00;2180
96ebc324-97d7-4c0c-9122-c873141fc16a;61;La Villa 2;2023-11-27;11:00:00;12:00:00;2450
96ebc324-97d7-4c0c-9122-c873141fc16a;61;La Villa 2;2023-11-27;12:00:00;13:00:00;2745
96ebc324-97d7-4c0c-9122-c873141fc16a;61;La Villa 2;2023-11-27;13:00:00;14:00:00;2748
96ebc324-97d7-4c0c-9122-c873141fc16a;61;La Villa 2;2023-11-27;14:00:00;15:00:00;2658
96ebc324-97d7-4c0c-9122-c873141fc16a;61;La Villa 2;2023-11-27;15:00:00;16:00:00;2514
96ebc324-97d7-4c0c-9122-c873141fc16a;61;La Villa 2;2023-11-27;16:00:00;17:00:00;2435
96ebc324-97d7-4c0c-9122-c873141fc16a;61;La Villa 2;2023-11-27;17:00:00;18:00:00;2945
96ebc324-97d7-4c0c-9122-c873141fc16a;61;La Villa 2;2023-11-27;18:00:00;19:00:00;3222
96ebc324-97d7-4c0c-9122-c873141fc16a;61;La Villa 2;2023-11-27;19:00:00;20:00:00;2837
96ebc324-97d7-4c0c-9122-c873141fc16a;61;La Villa 2;2023-11-27;20:00:00;21:00:00;2644
96ebc324-97d7-4c0c-9122-c873141fc16a;61;La Villa 2;2023-11-27;21:00:00;22:00:00;2189
96ebc324-97d7-4c0c-9122-c873141fc16a;61;La Villa 2;2023-11-28;10:00:00;11:00:00;2174
96ebc324-97d7-4c0c-9122-c873141fc16a;61;La Villa 2;2023-11-28;11:00:00;12:00:00;2324
96ebc324-97d7-4c0c-9122-c873141fc16a;61;La Villa 2;2023-11-28;12:00:00;13:00:00;2610
96ebc324-97d7-4c0c-9122-c873141fc16a;61;La Villa 2;2023-11-28;13:00:00;14:00:00;2706
96ebc324-97d7-4c0c-9122-c873141fc16a;61;La Villa 2;2023-11-28;14:00:00;15:00:00;2493
96ebc324-97d7-4c0c-9122-c873141fc16a;61;La Villa 2;2023-11-28;15:00:00;16:00:00;2328
96ebc324-97d7-4c0c-9122-c873141fc16a;61;La Villa 2;2023-11-28;16:00:00;17:00:00;2407
96ebc324-97d7-4c0c-9122-c873141fc16a;61;La Villa 2;2023-11-28;17:00:00;18:00:00;3003
96ebc324-97d7-4c0c-9122-c873141fc16a;61;La Villa 2;2023-11-28;18:00:00;19:00:00;3045
96ebc324-97d7-4c0c-9122-c873141fc16a;61;La Villa 2;2023-11-28;19:00:00;20:00:00;2756
96ebc324-97d7-4c0c-9122-c873141fc16a;61;La Villa 2;2023-11-28;20:00:00;21:00:00;2739
96ebc324-97d7-4c0c-9122-c873141fc16a;61;La Villa 2;2023-11-28;21:00:00;22:00:00;2166
96ebc324-97d7-4c0c-9122-c873141fc16a;61;La Villa 2;2023-11-29;10:00:00;11:00:00;2120
96ebc324-97d7-4c0c-9122-c873141fc16a;61;La Villa 2;2023-11-29;11:00:00;12:00:00;2320
96ebc324-97d7-4c0c-9122-c873141fc16a;61;La Villa 2;2023-11-29;12:00:00;13:00:00;2612
96ebc324-97d7-4c0c-9122-c873141fc16a;61;La Villa 2;2023-11-29;13:00:00;14:00:00;2660
96ebc324-97d7-4c0c-9122-c873141fc16a;61;La Villa 2;2023-11-29;14:00:00;15:00:00;2408
96ebc324-97d7-4c0c-9122-c873141fc16a;61;La Villa 2;2023-11-29;15:00:00;16:00:00;2366
96ebc324-97d7-4c0c-9122-c873141fc16a;61;La Villa 2;2023-11-29;16:00:00;17:00:00;2363
96ebc324-97d7-4c0c-9122-c873141fc16a;61;La Villa 2;2023-11-29;17:00:00;18:00:00;2940
96ebc324-97d7-4c0c-9122-c873141fc16a;61;La Villa 2;2023-11-29;18:00:00;19:00:00;2781
96ebc324-97d7-4c0c-9122-c873141fc16a;61;La Villa 2;2023-11-29;19:00:00;20:00:00;2413
96ebc324-97d7-4c0c-9122-c873141fc16a;61;La Villa 2;2023-11-29;20:00:00;21:00:00;2297
96ebc324-97d7-4c0c-9122-c873141fc16a;61;La Villa 2;2023-11-29;21:00:00;22:00:00;2072
96ebc324-97d7-4c0c-9122-c873141fc16a;61;La Villa 2;2023-11-30;10:00:00;11:00:00;2138
96ebc324-97d7-4c0c-9122-c873141fc16a;61;La Villa 2;2023-11-30;11:00:00;12:00:00;2358
96ebc324-97d7-4c0c-9122-c873141fc16a;61;La Villa 2;2023-11-30;12:00:00;13:00:00;2549
96ebc324-97d7-4c0c-9122-c873141fc16a;61;La Villa 2;2023-11-30;13:00:00;14:00:00;2655
96ebc324-97d7-4c0c-9122-c873141fc16a;61;La Villa 2;2023-11-30;14:00:00;15:00:00;2667
96ebc324-97d7-4c0c-9122-c873141fc16a;61;La Villa 2;2023-11-30;15:00:00;16:00:00;2492
96ebc324-97d7-4c0c-9122-c873141fc16a;61;La Villa 2;2023-11-30;16:00:00;17:00:00;2550
96ebc324-97d7-4c0c-9122-c873141fc16a;61;La Villa 2;2023-11-30;17:00:00;18:00:00;2855
96ebc324-97d7-4c0c-9122-c873141fc16a;61;La Villa 2;2023-11-30;18:00:00;19:00:00;2773
96ebc324-97d7-4c0c-9122-c873141fc16a;61;La Villa 2;2023-11-30;19:00:00;20:00:00;2587
96ebc324-97d7-4c0c-9122-c873141fc16a;61;La Villa 2;2023-11-30;20:00:00;21:00:00;2470
96ebc324-97d7-4c0c-9122-c873141fc16a;61;La Villa 2;2023-11-30;21:00:00;22:00:00;2050
96ebc324-97d7-4c0c-9122-c873141fc16a;61;La Villa 2;2023-12-01;10:00:00;11:00:00;1878
96ebc324-97d7-4c0c-9122-c873141fc16a;61;La Villa 2;2023-12-01;11:00:00;12:00:00;2307
96ebc324-97d7-4c0c-9122-c873141fc16a;61;La Villa 2;2023-12-01;12:00:00;13:00:00;2595
96ebc324-97d7-4c0c-9122-c873141fc16a;61;La Villa 2;2023-12-01;13:00:00;14:00:00;2731
96ebc324-97d7-4c0c-9122-c873141fc16a;61;La Villa 2;2023-12-01;14:00:00;15:00:00;2649
96ebc324-97d7-4c0c-9122-c873141fc16a;61;La Villa 2;2023-12-01;15:00:00;16:00:00;2539
96ebc324-97d7-4c0c-9122-c873141fc16a;61;La Villa 2;2023-12-01;16:00:00;17:00:00;2523
96ebc324-97d7-4c0c-9122-c873141fc16a;61;La Villa 2;2023-12-01;17:00:00;18:00:00;3160
96ebc324-97d7-4c0c-9122-c873141fc16a;61;La Villa 2;2023-12-01;18:00:00;19:00:00;3230
96ebc324-97d7-4c0c-9122-c873141fc16a;61;La Villa 2;2023-12-01;19:00:00;20:00:00;2893
96ebc324-97d7-4c0c-9122-c873141fc16a;61;La Villa 2;2023-12-01;20:00:00;21:00:00;3097
96ebc324-97d7-4c0c-9122-c873141fc16a;61;La Villa 2;2023-12-01;21:00:00;22:00:00;2787
96ebc324-97d7-4c0c-9122-c873141fc16a;61;La Villa 2;2023-12-02;10:00:00;11:00:00;1637
96ebc324-97d7-4c0c-9122-c873141fc16a;61;La Villa 2;2023-12-02;11:00:00;12:00:00;2268
96ebc324-97d7-4c0c-9122-c873141fc16a;61;La Villa 2;2023-12-02;12:00:00;13:00:00;2702
96ebc324-97d7-4c0c-9122-c873141fc16a;61;La Villa 2;2023-12-02;13:00:00;14:00:00;3324
96ebc324-97d7-4c0c-9122-c873141fc16a;61;La Villa 2;2023-12-02;14:00:00;15:00:00;3299
96ebc324-97d7-4c0c-9122-c873141fc16a;61;La Villa 2;2023-12-02;15:00:00;16:00:00;2955
96ebc324-97d7-4c0c-9122-c873141fc16a;61;La Villa 2;2023-12-02;16:00:00;17:00:00;2898
96ebc324-97d7-4c0c-9122-c873141fc16a;61;La Villa 2;2023-12-02;17:00:00;18:00:00;3547
96ebc324-97d7-4c0c-9122-c873141fc16a;61;La Villa 2;2023-12-02;18:00:00;19:00:00;3907
96ebc324-97d7-4c0c-9122-c873141fc16a;61;La Villa 2;2023-12-02;19:00:00;20:00:00;3668
96ebc324-97d7-4c0c-9122-c873141fc16a;61;La Villa 2;2023-12-02;20:00:00;21:00:00;3723
96ebc324-97d7-4c0c-9122-c873141fc16a;61;La Villa 2;2023-12-02;21:00:00;22:00:00;3153
96ebc324-97d7-4c0c-9122-c873141fc16a;61;La Villa 2;2023-12-03;10:00:00;11:00:00;0
96ebc324-97d7-4c0c-9122-c873141fc16a;61;La Villa 2;2023-12-03;11:00:00;12:00:00;0
96ebc324-97d7-4c0c-9122-c873141fc16a;61;La Villa 2;2023-12-03;12:00:00;13:00:00;0
96ebc324-97d7-4c0c-9122-c873141fc16a;61;La Villa 2;2023-12-03;13:00:00;14:00:00;0
96ebc324-97d7-4c0c-9122-c873141fc16a;61;La Villa 2;2023-12-03;14:00:00;15:00:00;0
96ebc324-97d7-4c0c-9122-c873141fc16a;61;La Villa 2;2023-12-03;15:00:00;16:00:00;0
96ebc324-97d7-4c0c-9122-c873141fc16a;61;La Villa 2;2023-12-03;16:00:00;17:00:00;0
96ebc324-97d7-4c0c-9122-c873141fc16a;61;La Villa 2;2023-12-03;17:00:00;18:00:00;0
96ebc324-97d7-4c0c-9122-c873141fc16a;61;La Villa 2;2023-12-03;18:00:00;19:00:00;0
96ebc324-97d7-4c0c-9122-c873141fc16a;61;La Villa 2;2023-12-03;19:00:00;20:00:00;0
96ebc324-97d7-4c0c-9122-c873141fc16a;61;La Villa 2;2023-12-03;20:00:00;21:00:00;0
96ebc324-97d7-4c0c-9122-c873141fc16a;61;La Villa 2;2023-12-03;21:00:00;22:00:00;0
b33e9212-926d-45da-9f83-683b27a904b6;46;Las Rozas The Style Outlets;2023-11-27;10:00:00;11:00:00;588
b33e9212-926d-45da-9f83-683b27a904b6;46;Las Rozas The Style Outlets;2023-11-27;11:00:00;12:00:00;610
b33e9212-926d-45da-9f83-683b27a904b6;46;Las Rozas The Style Outlets;2023-11-27;12:00:00;13:00:00;677
b33e9212-926d-45da-9f83-683b27a904b6;46;Las Rozas The Style Outlets;2023-11-27;13:00:00;14:00:00;619
b33e9212-926d-45da-9f83-683b27a904b6;46;Las Rozas The Style Outlets;2023-11-27;14:00:00;15:00:00;620
b33e9212-926d-45da-9f83-683b27a904b6;46;Las Rozas The Style Outlets;2023-11-27;15:00:00;16:00:00;581
b33e9212-926d-45da-9f83-683b27a904b6;46;Las Rozas The Style Outlets;2023-11-27;16:00:00;17:00:00;461
b33e9212-926d-45da-9f83-683b27a904b6;46;Las Rozas The Style Outlets;2023-11-27;17:00:00;18:00:00;729
b33e9212-926d-45da-9f83-683b27a904b6;46;Las Rozas The Style Outlets;2023-11-27;18:00:00;19:00:00;720
b33e9212-926d-45da-9f83-683b27a904b6;46;Las Rozas The Style Outlets;2023-11-27;19:00:00;20:00:00;726
b33e9212-926d-45da-9f83-683b27a904b6;46;Las Rozas The Style Outlets;2023-11-27;20:00:00;21:00:00;821
b33e9212-926d-45da-9f83-683b27a904b6;46;Las Rozas The Style Outlets;2023-11-27;21:00:00;22:00:00;0
b33e9212-926d-45da-9f83-683b27a904b6;46;Las Rozas The Style Outlets;2023-11-28;10:00:00;11:00:00;645
b33e9212-926d-45da-9f83-683b27a904b6;46;Las Rozas The Style Outlets;2023-11-28;11:00:00;12:00:00;586
b33e9212-926d-45da-9f83-683b27a904b6;46;Las Rozas The Style Outlets;2023-11-28;12:00:00;13:00:00;599
b33e9212-926d-45da-9f83-683b27a904b6;46;Las Rozas The Style Outlets;2023-11-28;13:00:00;14:00:00;829
b33e9212-926d-45da-9f83-683b27a904b6;46;Las Rozas The Style Outlets;2023-11-28;14:00:00;15:00:00;619
b33e9212-926d-45da-9f83-683b27a904b6;46;Las Rozas The Style Outlets;2023-11-28;15:00:00;16:00:00;542
b33e9212-926d-45da-9f83-683b27a904b6;46;Las Rozas The Style Outlets;2023-11-28;16:00:00;17:00:00;491
b33e9212-926d-45da-9f83-683b27a904b6;46;Las Rozas The Style Outlets;2023-11-28;17:00:00;18:00:00;641
b33e9212-926d-45da-9f83-683b27a904b6;46;Las Rozas The Style Outlets;2023-11-28;18:00:00;19:00:00;680
b33e9212-926d-45da-9f83-683b27a904b6;46;Las Rozas The Style Outlets;2023-11-28;19:00:00;20:00:00;764
b33e9212-926d-45da-9f83-683b27a904b6;46;Las Rozas The Style Outlets;2023-11-28;20:00:00;21:00:00;950
b33e9212-926d-45da-9f83-683b27a904b6;46;Las Rozas The Style Outlets;2023-11-28;21:00:00;22:00:00;0
b33e9212-926d-45da-9f83-683b27a904b6;46;Las Rozas The Style Outlets;2023-11-29;10:00:00;11:00:00;691
b33e9212-926d-45da-9f83-683b27a904b6;46;Las Rozas The Style Outlets;2023-11-29;11:00:00;12:00:00;556
b33e9212-926d-45da-9f83-683b27a904b6;46;Las Rozas The Style Outlets;2023-11-29;12:00:00;13:00:00;598
b33e9212-926d-45da-9f83-683b27a904b6;46;Las Rozas The Style Outlets;2023-11-29;13:00:00;14:00:00;569
b33e9212-926d-45da-9f83-683b27a904b6;46;Las Rozas The Style Outlets;2023-11-29;14:00:00;15:00:00;662
b33e9212-926d-45da-9f83-683b27a904b6;46;Las Rozas The Style Outlets;2023-11-29;15:00:00;16:00:00;584
b33e9212-926d-45da-9f83-683b27a904b6;46;Las Rozas The Style Outlets;2023-11-29;16:00:00;17:00:00;552
b33e9212-926d-45da-9f83-683b27a904b6;46;Las Rozas The Style Outlets;2023-11-29;17:00:00;18:00:00;596
b33e9212-926d-45da-9f83-683b27a904b6;46;Las Rozas The Style Outlets;2023-11-29;18:00:00;19:00:00;638
b33e9212-926d-45da-9f83-683b27a904b6;46;Las Rozas The Style Outlets;2023-11-29;19:00:00;20:00:00;750
b33e9212-926d-45da-9f83-683b27a904b6;46;Las Rozas The Style Outlets;2023-11-29;20:00:00;21:00:00;920
b33e9212-926d-45da-9f83-683b27a904b6;46;Las Rozas The Style Outlets;2023-11-29;21:00:00;22:00:00;0
b33e9212-926d-45da-9f83-683b27a904b6;46;Las Rozas The Style Outlets;2023-11-30;10:00:00;11:00:00;777
b33e9212-926d-45da-9f83-683b27a904b6;46;Las Rozas The Style Outlets;2023-11-30;11:00:00;12:00:00;761
b33e9212-926d-45da-9f83-683b27a904b6;46;Las Rozas The Style Outlets;2023-11-30;12:00:00;13:00:00;884
b33e9212-926d-45da-9f83-683b27a904b6;46;Las Rozas The Style Outlets;2023-11-30;13:00:00;14:00:00;787
b33e9212-926d-45da-9f83-683b27a904b6;46;Las Rozas The Style Outlets;2023-11-30;14:00:00;15:00:00;750
b33e9212-926d-45da-9f83-683b27a904b6;46;Las Rozas The Style Outlets;2023-11-30;15:00:00;16:00:00;639
b33e9212-926d-45da-9f83-683b27a904b6;46;Las Rozas The Style Outlets;2023-11-30;16:00:00;17:00:00;563
b33e9212-926d-45da-9f83-683b27a904b6;46;Las Rozas The Style Outlets;2023-11-30;17:00:00;18:00:00;868
b33e9212-926d-45da-9f83-683b27a904b6;46;Las Rozas The Style Outlets;2023-11-30;18:00:00;19:00:00;903
b33e9212-926d-45da-9f83-683b27a904b6;46;Las Rozas The Style Outlets;2023-11-30;19:00:00;20:00:00;928
b33e9212-926d-45da-9f83-683b27a904b6;46;Las Rozas The Style Outlets;2023-11-30;20:00:00;21:00:00;851
b33e9212-926d-45da-9f83-683b27a904b6;46;Las Rozas The Style Outlets;2023-11-30;21:00:00;22:00:00;0
b33e9212-926d-45da-9f83-683b27a904b6;46;Las Rozas The Style Outlets;2023-12-01;10:00:00;11:00:00;603
b33e9212-926d-45da-9f83-683b27a904b6;46;Las Rozas The Style Outlets;2023-12-01;11:00:00;12:00:00;482
b33e9212-926d-45da-9f83-683b27a904b6;46;Las Rozas The Style Outlets;2023-12-01;12:00:00;13:00:00;600
b33e9212-926d-45da-9f83-683b27a904b6;46;Las Rozas The Style Outlets;2023-12-01;13:00:00;14:00:00;502
b33e9212-926d-45da-9f83-683b27a904b6;46;Las Rozas The Style Outlets;2023-12-01;14:00:00;15:00:00;600
b33e9212-926d-45da-9f83-683b27a904b6;46;Las Rozas The Style Outlets;2023-12-01;15:00:00;16:00:00;844
b33e9212-926d-45da-9f83-683b27a904b6;46;Las Rozas The Style Outlets;2023-12-01;16:00:00;17:00:00;680
b33e9212-926d-45da-9f83-683b27a904b6;46;Las Rozas The Style Outlets;2023-12-01;17:00:00;18:00:00;634
b33e9212-926d-45da-9f83-683b27a904b6;46;Las Rozas The Style Outlets;2023-12-01;18:00:00;19:00:00;823
b33e9212-926d-45da-9f83-683b27a904b6;46;Las Rozas The Style Outlets;2023-12-01;19:00:00;20:00:00;1171
b33e9212-926d-45da-9f83-683b27a904b6;46;Las Rozas The Style Outlets;2023-12-01;20:00:00;21:00:00;840
b33e9212-926d-45da-9f83-683b27a904b6;46;Las Rozas The Style Outlets;2023-12-01;21:00:00;22:00:00;0
b33e9212-926d-45da-9f83-683b27a904b6;46;Las Rozas The Style Outlets;2023-12-02;10:00:00;11:00:00;1073
b33e9212-926d-45da-9f83-683b27a904b6;46;Las Rozas The Style Outlets;2023-12-02;11:00:00;12:00:00;896
b33e9212-926d-45da-9f83-683b27a904b6;46;Las Rozas The Style Outlets;2023-12-02;12:00:00;13:00:00;1691
b33e9212-926d-45da-9f83-683b27a904b6;46;Las Rozas The Style Outlets;2023-12-02;13:00:00;14:00:00;2298
b33e9212-926d-45da-9f83-683b27a904b6;46;Las Rozas The Style Outlets;2023-12-02;14:00:00;15:00:00;1555
b33e9212-926d-45da-9f83-683b27a904b6;46;Las Rozas The Style Outlets;2023-12-02;15:00:00;16:00:00;1056
b33e9212-926d-45da-9f83-683b27a904b6;46;Las Rozas The Style Outlets;2023-12-02;16:00:00;17:00:00;1086
b33e9212-926d-45da-9f83-683b27a904b6;46;Las Rozas The Style Outlets;2023-12-02;17:00:00;18:00:00;1273
b33e9212-926d-45da-9f83-683b27a904b6;46;Las Rozas The Style Outlets;2023-12-02;18:00:00;19:00:00;1516
b33e9212-926d-45da-9f83-683b27a904b6;46;Las Rozas The Style Outlets;2023-12-02;19:00:00;20:00:00;1318
b33e9212-926d-45da-9f83-683b27a904b6;46;Las Rozas The Style Outlets;2023-12-02;20:00:00;21:00:00;1124
b33e9212-926d-45da-9f83-683b27a904b6;46;Las Rozas The Style Outlets;2023-12-02;21:00:00;22:00:00;742
b33e9212-926d-45da-9f83-683b27a904b6;46;Las Rozas The Style Outlets;2023-12-03;10:00:00;11:00:00;1685
b33e9212-926d-45da-9f83-683b27a904b6;46;Las Rozas The Style Outlets;2023-12-03;11:00:00;12:00:00;929
b33e9212-926d-45da-9f83-683b27a904b6;46;Las Rozas The Style Outlets;2023-12-03;12:00:00;13:00:00;1368
b33e9212-926d-45da-9f83-683b27a904b6;46;Las Rozas The Style Outlets;2023-12-03;13:00:00;14:00:00;1417
b33e9212-926d-45da-9f83-683b27a904b6;46;Las Rozas The Style Outlets;2023-12-03;14:00:00;15:00:00;1199
b33e9212-926d-45da-9f83-683b27a904b6;46;Las Rozas The Style Outlets;2023-12-03;15:00:00;16:00:00;1037
b33e9212-926d-45da-9f83-683b27a904b6;46;Las Rozas The Style Outlets;2023-12-03;16:00:00;17:00:00;1176
b33e9212-926d-45da-9f83-683b27a904b6;46;Las Rozas The Style Outlets;2023-12-03;17:00:00;18:00:00;1362
b33e9212-926d-45da-9f83-683b27a904b6;46;Las Rozas The Style Outlets;2023-12-03;18:00:00;19:00:00;1425
b33e9212-926d-45da-9f83-683b27a904b6;46;Las Rozas The Style Outlets;2023-12-03;19:00:00;20:00:00;1166
b33e9212-926d-45da-9f83-683b27a904b6;46;Las Rozas The Style Outlets;2023-12-03;20:00:00;21:00:00;773
b33e9212-926d-45da-9f83-683b27a904b6;46;Las Rozas The Style Outlets;2023-12-03;21:00:00;22:00:00;0
27630773-db74-4220-a055-00237a25da71;4;Los Alcores;2023-11-27;10:00:00;11:00:00;1431
27630773-db74-4220-a055-00237a25da71;4;Los Alcores;2023-11-27;11:00:00;12:00:00;1574
27630773-db74-4220-a055-00237a25da71;4;Los Alcores;2023-11-27;12:00:00;13:00:00;1750
27630773-db74-4220-a055-00237a25da71;4;Los Alcores;2023-11-27;13:00:00;14:00:00;1514
27630773-db74-4220-a055-00237a25da71;4;Los Alcores;2023-11-27;14:00:00;15:00:00;1418
27630773-db74-4220-a055-00237a25da71;4;Los Alcores;2023-11-27;15:00:00;16:00:00;1651
27630773-db74-4220-a055-00237a25da71;4;Los Alcores;2023-11-27;16:00:00;17:00:00;1582
27630773-db74-4220-a055-00237a25da71;4;Los Alcores;2023-11-27;17:00:00;18:00:00;1793
27630773-db74-4220-a055-00237a25da71;4;Los Alcores;2023-11-27;18:00:00;19:00:00;2117
27630773-db74-4220-a055-00237a25da71;4;Los Alcores;2023-11-27;19:00:00;20:00:00;1758
27630773-db74-4220-a055-00237a25da71;4;Los Alcores;2023-11-27;20:00:00;21:00:00;1719
27630773-db74-4220-a055-00237a25da71;4;Los Alcores;2023-11-27;21:00:00;22:00:00;1404
27630773-db74-4220-a055-00237a25da71;4;Los Alcores;2023-11-28;10:00:00;11:00:00;1459
27630773-db74-4220-a055-00237a25da71;4;Los Alcores;2023-11-28;11:00:00;12:00:00;1775
27630773-db74-4220-a055-00237a25da71;4;Los Alcores;2023-11-28;12:00:00;13:00:00;1678
27630773-db74-4220-a055-00237a25da71;4;Los Alcores;2023-11-28;13:00:00;14:00:00;1597
27630773-db74-4220-a055-00237a25da71;4;Los Alcores;2023-11-28;14:00:00;15:00:00;1534
27630773-db74-4220-a055-00237a25da71;4;Los Alcores;2023-11-28;15:00:00;16:00:00;1545
27630773-db74-4220-a055-00237a25da71;4;Los Alcores;2023-11-28;16:00:00;17:00:00;1546
27630773-db74-4220-a055-00237a25da71;4;Los Alcores;2023-11-28;17:00:00;18:00:00;1771
27630773-db74-4220-a055-00237a25da71;4;Los Alcores;2023-11-28;18:00:00;19:00:00;2090
27630773-db74-4220-a055-00237a25da71;4;Los Alcores;2023-11-28;19:00:00;20:00:00;1985
27630773-db74-4220-a055-00237a25da71;4;Los Alcores;2023-11-28;20:00:00;21:00:00;1924
27630773-db74-4220-a055-00237a25da71;4;Los Alcores;2023-11-28;21:00:00;22:00:00;1414
27630773-db74-4220-a055-00237a25da71;4;Los Alcores;2023-11-29;10:00:00;11:00:00;1315
27630773-db74-4220-a055-00237a25da71;4;Los Alcores;2023-11-29;11:00:00;12:00:00;1460
27630773-db74-4220-a055-00237a25da71;4;Los Alcores;2023-11-29;12:00:00;13:00:00;1463
27630773-db74-4220-a055-00237a25da71;4;Los Alcores;2023-11-29;13:00:00;14:00:00;1406
27630773-db74-4220-a055-00237a25da71;4;Los Alcores;2023-11-29;14:00:00;15:00:00;1513
27630773-db74-4220-a055-00237a25da71;4;Los Alcores;2023-11-29;15:00:00;16:00:00;1556
27630773-db74-4220-a055-00237a25da71;4;Los Alcores;2023-11-29;16:00:00;17:00:00;1610
27630773-db74-4220-a055-00237a25da71;4;Los Alcores;2023-11-29;17:00:00;18:00:00;1911
27630773-db74-4220-a055-00237a25da71;4;Los Alcores;2023-11-29;18:00:00;19:00:00;2077
27630773-db74-4220-a055-00237a25da71;4;Los Alcores;2023-11-29;19:00:00;20:00:00;1572
27630773-db74-4220-a055-00237a25da71;4;Los Alcores;2023-11-29;20:00:00;21:00:00;1452
27630773-db74-4220-a055-00237a25da71;4;Los Alcores;2023-11-29;21:00:00;22:00:00;1319
27630773-db74-4220-a055-00237a25da71;4;Los Alcores;2023-11-30;10:00:00;11:00:00;1328
27630773-db74-4220-a055-00237a25da71;4;Los Alcores;2023-11-30;11:00:00;12:00:00;1490
27630773-db74-4220-a055-00237a25da71;4;Los Alcores;2023-11-30;12:00:00;13:00:00;1618
27630773-db74-4220-a055-00237a25da71;4;Los Alcores;2023-11-30;13:00:00;14:00:00;1745
27630773-db74-4220-a055-00237a25da71;4;Los Alcores;2023-11-30;14:00:00;15:00:00;2019
27630773-db74-4220-a055-00237a25da71;4;Los Alcores;2023-11-30;15:00:00;16:00:00;1564
27630773-db74-4220-a055-00237a25da71;4;Los Alcores;2023-11-30;16:00:00;17:00:00;1731
27630773-db74-4220-a055-00237a25da71;4;Los Alcores;2023-11-30;17:00:00;18:00:00;1586
27630773-db74-4220-a055-00237a25da71;4;Los Alcores;2023-11-30;18:00:00;19:00:00;1712
27630773-db74-4220-a055-00237a25da71;4;Los Alcores;2023-11-30;19:00:00;20:00:00;1875
27630773-db74-4220-a055-00237a25da71;4;Los Alcores;2023-11-30;20:00:00;21:00:00;1481
27630773-db74-4220-a055-00237a25da71;4;Los Alcores;2023-11-30;21:00:00;22:00:00;1360
27630773-db74-4220-a055-00237a25da71;4;Los Alcores;2023-12-01;10:00:00;11:00:00;512
27630773-db74-4220-a055-00237a25da71;4;Los Alcores;2023-12-01;11:00:00;12:00:00;1503
27630773-db74-4220-a055-00237a25da71;4;Los Alcores;2023-12-01;12:00:00;13:00:00;1722
27630773-db74-4220-a055-00237a25da71;4;Los Alcores;2023-12-01;13:00:00;14:00:00;1741
27630773-db74-4220-a055-00237a25da71;4;Los Alcores;2023-12-01;14:00:00;15:00:00;1650
27630773-db74-4220-a055-00237a25da71;4;Los Alcores;2023-12-01;15:00:00;16:00:00;1704
27630773-db74-4220-a055-00237a25da71;4;Los Alcores;2023-12-01;16:00:00;17:00:00;1573
27630773-db74-4220-a055-00237a25da71;4;Los Alcores;2023-12-01;17:00:00;18:00:00;1792
27630773-db74-4220-a055-00237a25da71;4;Los Alcores;2023-12-01;18:00:00;19:00:00;2170
27630773-db74-4220-a055-00237a25da71;4;Los Alcores;2023-12-01;19:00:00;20:00:00;2391
27630773-db74-4220-a055-00237a25da71;4;Los Alcores;2023-12-01;20:00:00;21:00:00;2303
27630773-db74-4220-a055-00237a25da71;4;Los Alcores;2023-12-01;21:00:00;22:00:00;1989
27630773-db74-4220-a055-00237a25da71;4;Los Alcores;2023-12-02;10:00:00;11:00:00;1458
27630773-db74-4220-a055-00237a25da71;4;Los Alcores;2023-12-02;11:00:00;12:00:00;410
27630773-db74-4220-a055-00237a25da71;4;Los Alcores;2023-12-02;12:00:00;13:00:00;423
27630773-db74-4220-a055-00237a25da71;4;Los Alcores;2023-12-02;13:00:00;14:00:00;445
27630773-db74-4220-a055-00237a25da71;4;Los Alcores;2023-12-02;14:00:00;15:00:00;598
27630773-db74-4220-a055-00237a25da71;4;Los Alcores;2023-12-02;15:00:00;16:00:00;593
27630773-db74-4220-a055-00237a25da71;4;Los Alcores;2023-12-02;16:00:00;17:00:00;581
27630773-db74-4220-a055-00237a25da71;4;Los Alcores;2023-12-02;17:00:00;18:00:00;686
27630773-db74-4220-a055-00237a25da71;4;Los Alcores;2023-12-02;18:00:00;19:00:00;812
27630773-db74-4220-a055-00237a25da71;4;Los Alcores;2023-12-02;19:00:00;20:00:00;755
27630773-db74-4220-a055-00237a25da71;4;Los Alcores;2023-12-02;20:00:00;21:00:00;693
27630773-db74-4220-a055-00237a25da71;4;Los Alcores;2023-12-02;21:00:00;22:00:00;501
27630773-db74-4220-a055-00237a25da71;4;Los Alcores;2023-12-03;10:00:00;11:00:00;208
27630773-db74-4220-a055-00237a25da71;4;Los Alcores;2023-12-03;11:00:00;12:00:00;215
27630773-db74-4220-a055-00237a25da71;4;Los Alcores;2023-12-03;12:00:00;13:00:00;226
27630773-db74-4220-a055-00237a25da71;4;Los Alcores;2023-12-03;13:00:00;14:00:00;225
27630773-db74-4220-a055-00237a25da71;4;Los Alcores;2023-12-03;14:00:00;15:00:00;374
27630773-db74-4220-a055-00237a25da71;4;Los Alcores;2023-12-03;15:00:00;16:00:00;426
27630773-db74-4220-a055-00237a25da71;4;Los Alcores;2023-12-03;16:00:00;17:00:00;264
27630773-db74-4220-a055-00237a25da71;4;Los Alcores;2023-12-03;17:00:00;18:00:00;307
27630773-db74-4220-a055-00237a25da71;4;Los Alcores;2023-12-03;18:00:00;19:00:00;361
27630773-db74-4220-a055-00237a25da71;4;Los Alcores;2023-12-03;19:00:00;20:00:00;343
27630773-db74-4220-a055-00237a25da71;4;Los Alcores;2023-12-03;20:00:00;21:00:00;248
27630773-db74-4220-a055-00237a25da71;4;Los Alcores;2023-12-03;21:00:00;22:00:00;225
67c19fe9-6b90-440c-954c-d6f652cd122a;31;Luz de Castilla;2023-11-27;10:00:00;11:00:00;870
67c19fe9-6b90-440c-954c-d6f652cd122a;31;Luz de Castilla;2023-11-27;11:00:00;12:00:00;920
67c19fe9-6b90-440c-954c-d6f652cd122a;31;Luz de Castilla;2023-11-27;12:00:00;13:00:00;891
67c19fe9-6b90-440c-954c-d6f652cd122a;31;Luz de Castilla;2023-11-27;13:00:00;14:00:00;839
67c19fe9-6b90-440c-954c-d6f652cd122a;31;Luz de Castilla;2023-11-27;14:00:00;15:00:00;685
67c19fe9-6b90-440c-954c-d6f652cd122a;31;Luz de Castilla;2023-11-27;15:00:00;16:00:00;793
67c19fe9-6b90-440c-954c-d6f652cd122a;31;Luz de Castilla;2023-11-27;16:00:00;17:00:00;891
67c19fe9-6b90-440c-954c-d6f652cd122a;31;Luz de Castilla;2023-11-27;17:00:00;18:00:00;887
67c19fe9-6b90-440c-954c-d6f652cd122a;31;Luz de Castilla;2023-11-27;18:00:00;19:00:00;1010
67c19fe9-6b90-440c-954c-d6f652cd122a;31;Luz de Castilla;2023-11-27;19:00:00;20:00:00;993
67c19fe9-6b90-440c-954c-d6f652cd122a;31;Luz de Castilla;2023-11-27;20:00:00;21:00:00;816
67c19fe9-6b90-440c-954c-d6f652cd122a;31;Luz de Castilla;2023-11-27;21:00:00;22:00:00;758
67c19fe9-6b90-440c-954c-d6f652cd122a;31;Luz de Castilla;2023-11-28;10:00:00;11:00:00;857
67c19fe9-6b90-440c-954c-d6f652cd122a;31;Luz de Castilla;2023-11-28;11:00:00;12:00:00;926
67c19fe9-6b90-440c-954c-d6f652cd122a;31;Luz de Castilla;2023-11-28;12:00:00;13:00:00;777
67c19fe9-6b90-440c-954c-d6f652cd122a;31;Luz de Castilla;2023-11-28;13:00:00;14:00:00;723
67c19fe9-6b90-440c-954c-d6f652cd122a;31;Luz de Castilla;2023-11-28;14:00:00;15:00:00;783
67c19fe9-6b90-440c-954c-d6f652cd122a;31;Luz de Castilla;2023-11-28;15:00:00;16:00:00;908
67c19fe9-6b90-440c-954c-d6f652cd122a;31;Luz de Castilla;2023-11-28;16:00:00;17:00:00;1003
67c19fe9-6b90-440c-954c-d6f652cd122a;31;Luz de Castilla;2023-11-28;17:00:00;18:00:00;927
67c19fe9-6b90-440c-954c-d6f652cd122a;31;Luz de Castilla;2023-11-28;18:00:00;19:00:00;1116
67c19fe9-6b90-440c-954c-d6f652cd122a;31;Luz de Castilla;2023-11-28;19:00:00;20:00:00;1013
67c19fe9-6b90-440c-954c-d6f652cd122a;31;Luz de Castilla;2023-11-28;20:00:00;21:00:00;697
67c19fe9-6b90-440c-954c-d6f652cd122a;31;Luz de Castilla;2023-11-28;21:00:00;22:00:00;668
67c19fe9-6b90-440c-954c-d6f652cd122a;31;Luz de Castilla;2023-11-29;10:00:00;11:00:00;955
67c19fe9-6b90-440c-954c-d6f652cd122a;31;Luz de Castilla;2023-11-29;11:00:00;12:00:00;923
67c19fe9-6b90-440c-954c-d6f652cd122a;31;Luz de Castilla;2023-11-29;12:00:00;13:00:00;978
67c19fe9-6b90-440c-954c-d6f652cd122a;31;Luz de Castilla;2023-11-29;13:00:00;14:00:00;983
67c19fe9-6b90-440c-954c-d6f652cd122a;31;Luz de Castilla;2023-11-29;14:00:00;15:00:00;898
67c19fe9-6b90-440c-954c-d6f652cd122a;31;Luz de Castilla;2023-11-29;15:00:00;16:00:00;812
67c19fe9-6b90-440c-954c-d6f652cd122a;31;Luz de Castilla;2023-11-29;16:00:00;17:00:00;956
67c19fe9-6b90-440c-954c-d6f652cd122a;31;Luz de Castilla;2023-11-29;17:00:00;18:00:00;943
67c19fe9-6b90-440c-954c-d6f652cd122a;31;Luz de Castilla;2023-11-29;18:00:00;19:00:00;1244
67c19fe9-6b90-440c-954c-d6f652cd122a;31;Luz de Castilla;2023-11-29;19:00:00;20:00:00;1098
67c19fe9-6b90-440c-954c-d6f652cd122a;31;Luz de Castilla;2023-11-29;20:00:00;21:00:00;684
67c19fe9-6b90-440c-954c-d6f652cd122a;31;Luz de Castilla;2023-11-29;21:00:00;22:00:00;671
67c19fe9-6b90-440c-954c-d6f652cd122a;31;Luz de Castilla;2023-11-30;10:00:00;11:00:00;991
67c19fe9-6b90-440c-954c-d6f652cd122a;31;Luz de Castilla;2023-11-30;11:00:00;12:00:00;882
67c19fe9-6b90-440c-954c-d6f652cd122a;31;Luz de Castilla;2023-11-30;12:00:00;13:00:00;803
67c19fe9-6b90-440c-954c-d6f652cd122a;31;Luz de Castilla;2023-11-30;13:00:00;14:00:00;742
67c19fe9-6b90-440c-954c-d6f652cd122a;31;Luz de Castilla;2023-11-30;14:00:00;15:00:00;721
67c19fe9-6b90-440c-954c-d6f652cd122a;31;Luz de Castilla;2023-11-30;15:00:00;16:00:00;676
67c19fe9-6b90-440c-954c-d6f652cd122a;31;Luz de Castilla;2023-11-30;16:00:00;17:00:00;882
67c19fe9-6b90-440c-954c-d6f652cd122a;31;Luz de Castilla;2023-11-30;17:00:00;18:00:00;1008
67c19fe9-6b90-440c-954c-d6f652cd122a;31;Luz de Castilla;2023-11-30;18:00:00;19:00:00;1064
67c19fe9-6b90-440c-954c-d6f652cd122a;31;Luz de Castilla;2023-11-30;19:00:00;20:00:00;963
67c19fe9-6b90-440c-954c-d6f652cd122a;31;Luz de Castilla;2023-11-30;20:00:00;21:00:00;843
67c19fe9-6b90-440c-954c-d6f652cd122a;31;Luz de Castilla;2023-11-30;21:00:00;22:00:00;787
67c19fe9-6b90-440c-954c-d6f652cd122a;31;Luz de Castilla;2023-12-01;10:00:00;11:00:00;832
67c19fe9-6b90-440c-954c-d6f652cd122a;31;Luz de Castilla;2023-12-01;11:00:00;12:00:00;899
67c19fe9-6b90-440c-954c-d6f652cd122a;31;Luz de Castilla;2023-12-01;12:00:00;13:00:00;962
67c19fe9-6b90-440c-954c-d6f652cd122a;31;Luz de Castilla;2023-12-01;13:00:00;14:00:00;925
67c19fe9-6b90-440c-954c-d6f652cd122a;31;Luz de Castilla;2023-12-01;14:00:00;15:00:00;819
67c19fe9-6b90-440c-954c-d6f652cd122a;31;Luz de Castilla;2023-12-01;15:00:00;16:00:00;832
67c19fe9-6b90-440c-954c-d6f652cd122a;31;Luz de Castilla;2023-12-01;16:00:00;17:00:00;970
67c19fe9-6b90-440c-954c-d6f652cd122a;31;Luz de Castilla;2023-12-01;17:00:00;18:00:00;1215
67c19fe9-6b90-440c-954c-d6f652cd122a;31;Luz de Castilla;2023-12-01;18:00:00;19:00:00;1523
67c19fe9-6b90-440c-954c-d6f652cd122a;31;Luz de Castilla;2023-12-01;19:00:00;20:00:00;1400
67c19fe9-6b90-440c-954c-d6f652cd122a;31;Luz de Castilla;2023-12-01;20:00:00;21:00:00;1255
67c19fe9-6b90-440c-954c-d6f652cd122a;31;Luz de Castilla;2023-12-01;21:00:00;22:00:00;851
67c19fe9-6b90-440c-954c-d6f652cd122a;31;Luz de Castilla;2023-12-02;10:00:00;11:00:00;764
67c19fe9-6b90-440c-954c-d6f652cd122a;31;Luz de Castilla;2023-12-02;11:00:00;12:00:00;880
67c19fe9-6b90-440c-954c-d6f652cd122a;31;Luz de Castilla;2023-12-02;12:00:00;13:00:00;1087
67c19fe9-6b90-440c-954c-d6f652cd122a;31;Luz de Castilla;2023-12-02;13:00:00;14:00:00;1103
67c19fe9-6b90-440c-954c-d6f652cd122a;31;Luz de Castilla;2023-12-02;14:00:00;15:00:00;835
67c19fe9-6b90-440c-954c-d6f652cd122a;31;Luz de Castilla;2023-12-02;15:00:00;16:00:00;670
67c19fe9-6b90-440c-954c-d6f652cd122a;31;Luz de Castilla;2023-12-02;16:00:00;17:00:00;754
67c19fe9-6b90-440c-954c-d6f652cd122a;31;Luz de Castilla;2023-12-02;17:00:00;18:00:00;853
67c19fe9-6b90-440c-954c-d6f652cd122a;31;Luz de Castilla;2023-12-02;18:00:00;19:00:00;1084
67c19fe9-6b90-440c-954c-d6f652cd122a;31;Luz de Castilla;2023-12-02;19:00:00;20:00:00;1169
67c19fe9-6b90-440c-954c-d6f652cd122a;31;Luz de Castilla;2023-12-02;20:00:00;21:00:00;1009
67c19fe9-6b90-440c-954c-d6f652cd122a;31;Luz de Castilla;2023-12-02;21:00:00;22:00:00;982
67c19fe9-6b90-440c-954c-d6f652cd122a;31;Luz de Castilla;2023-12-03;10:00:00;11:00:00;0
67c19fe9-6b90-440c-954c-d6f652cd122a;31;Luz de Castilla;2023-12-03;11:00:00;12:00:00;0
67c19fe9-6b90-440c-954c-d6f652cd122a;31;Luz de Castilla;2023-12-03;12:00:00;13:00:00;0
67c19fe9-6b90-440c-954c-d6f652cd122a;31;Luz de Castilla;2023-12-03;13:00:00;14:00:00;0
67c19fe9-6b90-440c-954c-d6f652cd122a;31;Luz de Castilla;2023-12-03;14:00:00;15:00:00;0
67c19fe9-6b90-440c-954c-d6f652cd122a;31;Luz de Castilla;2023-12-03;15:00:00;16:00:00;0
67c19fe9-6b90-440c-954c-d6f652cd122a;31;Luz de Castilla;2023-12-03;16:00:00;17:00:00;0
67c19fe9-6b90-440c-954c-d6f652cd122a;31;Luz de Castilla;2023-12-03;17:00:00;18:00:00;0
67c19fe9-6b90-440c-954c-d6f652cd122a;31;Luz de Castilla;2023-12-03;18:00:00;19:00:00;0
67c19fe9-6b90-440c-954c-d6f652cd122a;31;Luz de Castilla;2023-12-03;19:00:00;20:00:00;0
67c19fe9-6b90-440c-954c-d6f652cd122a;31;Luz de Castilla;2023-12-03;20:00:00;21:00:00;0
67c19fe9-6b90-440c-954c-d6f652cd122a;31;Luz de Castilla;2023-12-03;21:00:00;22:00:00;0
9a893048-055e-43ae-b7ef-1c1165f64320;32;Madrid Sur;2023-11-27;10:00:00;11:00:00;3736
9a893048-055e-43ae-b7ef-1c1165f64320;32;Madrid Sur;2023-11-27;11:00:00;12:00:00;3908
9a893048-055e-43ae-b7ef-1c1165f64320;32;Madrid Sur;2023-11-27;12:00:00;13:00:00;4175
9a893048-055e-43ae-b7ef-1c1165f64320;32;Madrid Sur;2023-11-27;13:00:00;14:00:00;3999
9a893048-055e-43ae-b7ef-1c1165f64320;32;Madrid Sur;2023-11-27;14:00:00;15:00:00;4263
9a893048-055e-43ae-b7ef-1c1165f64320;32;Madrid Sur;2023-11-27;15:00:00;16:00:00;3819
9a893048-055e-43ae-b7ef-1c1165f64320;32;Madrid Sur;2023-11-27;16:00:00;17:00:00;4192
9a893048-055e-43ae-b7ef-1c1165f64320;32;Madrid Sur;2023-11-27;17:00:00;18:00:00;4203
9a893048-055e-43ae-b7ef-1c1165f64320;32;Madrid Sur;2023-11-27;18:00:00;19:00:00;4932
9a893048-055e-43ae-b7ef-1c1165f64320;32;Madrid Sur;2023-11-27;19:00:00;20:00:00;4699
9a893048-055e-43ae-b7ef-1c1165f64320;32;Madrid Sur;2023-11-27;20:00:00;21:00:00;4355
9a893048-055e-43ae-b7ef-1c1165f64320;32;Madrid Sur;2023-11-27;21:00:00;22:00:00;3647
9a893048-055e-43ae-b7ef-1c1165f64320;32;Madrid Sur;2023-11-28;10:00:00;11:00:00;3689
9a893048-055e-43ae-b7ef-1c1165f64320;32;Madrid Sur;2023-11-28;11:00:00;12:00:00;3865
9a893048-055e-43ae-b7ef-1c1165f64320;32;Madrid Sur;2023-11-28;12:00:00;13:00:00;3990
9a893048-055e-43ae-b7ef-1c1165f64320;32;Madrid Sur;2023-11-28;13:00:00;14:00:00;3855
9a893048-055e-43ae-b7ef-1c1165f64320;32;Madrid Sur;2023-11-28;14:00:00;15:00:00;4247
9a893048-055e-43ae-b7ef-1c1165f64320;32;Madrid Sur;2023-11-28;15:00:00;16:00:00;4083
9a893048-055e-43ae-b7ef-1c1165f64320;32;Madrid Sur;2023-11-28;16:00:00;17:00:00;4314
9a893048-055e-43ae-b7ef-1c1165f64320;32;Madrid Sur;2023-11-28;17:00:00;18:00:00;4855
9a893048-055e-43ae-b7ef-1c1165f64320;32;Madrid Sur;2023-11-28;18:00:00;19:00:00;4743
9a893048-055e-43ae-b7ef-1c1165f64320;32;Madrid Sur;2023-11-28;19:00:00;20:00:00;4456
9a893048-055e-43ae-b7ef-1c1165f64320;32;Madrid Sur;2023-11-28;20:00:00;21:00:00;4144
9a893048-055e-43ae-b7ef-1c1165f64320;32;Madrid Sur;2023-11-28;21:00:00;22:00:00;3693
9a893048-055e-43ae-b7ef-1c1165f64320;32;Madrid Sur;2023-11-29;10:00:00;11:00:00;3599
9a893048-055e-43ae-b7ef-1c1165f64320;32;Madrid Sur;2023-11-29;11:00:00;12:00:00;3955
9a893048-055e-43ae-b7ef-1c1165f64320;32;Madrid Sur;2023-11-29;12:00:00;13:00:00;4033
9a893048-055e-43ae-b7ef-1c1165f64320;32;Madrid Sur;2023-11-29;13:00:00;14:00:00;3680
9a893048-055e-43ae-b7ef-1c1165f64320;32;Madrid Sur;2023-11-29;14:00:00;15:00:00;4070
9a893048-055e-43ae-b7ef-1c1165f64320;32;Madrid Sur;2023-11-29;15:00:00;16:00:00;3736
9a893048-055e-43ae-b7ef-1c1165f64320;32;Madrid Sur;2023-11-29;16:00:00;17:00:00;4094
9a893048-055e-43ae-b7ef-1c1165f64320;32;Madrid Sur;2023-11-29;17:00:00;18:00:00;4758
9a893048-055e-43ae-b7ef-1c1165f64320;32;Madrid Sur;2023-11-29;18:00:00;19:00:00;5015
9a893048-055e-43ae-b7ef-1c1165f64320;32;Madrid Sur;2023-11-29;19:00:00;20:00:00;4829
9a893048-055e-43ae-b7ef-1c1165f64320;32;Madrid Sur;2023-11-29;20:00:00;21:00:00;4099
9a893048-055e-43ae-b7ef-1c1165f64320;32;Madrid Sur;2023-11-29;21:00:00;22:00:00;3524
9a893048-055e-43ae-b7ef-1c1165f64320;32;Madrid Sur;2023-11-30;10:00:00;11:00:00;3538
9a893048-055e-43ae-b7ef-1c1165f64320;32;Madrid Sur;2023-11-30;11:00:00;12:00:00;3728
9a893048-055e-43ae-b7ef-1c1165f64320;32;Madrid Sur;2023-11-30;12:00:00;13:00:00;4000
9a893048-055e-43ae-b7ef-1c1165f64320;32;Madrid Sur;2023-11-30;13:00:00;14:00:00;3793
9a893048-055e-43ae-b7ef-1c1165f64320;32;Madrid Sur;2023-11-30;14:00:00;15:00:00;4194
9a893048-055e-43ae-b7ef-1c1165f64320;32;Madrid Sur;2023-11-30;15:00:00;16:00:00;3692
9a893048-055e-43ae-b7ef-1c1165f64320;32;Madrid Sur;2023-11-30;16:00:00;17:00:00;3934
9a893048-055e-43ae-b7ef-1c1165f64320;32;Madrid Sur;2023-11-30;17:00:00;18:00:00;4408
9a893048-055e-43ae-b7ef-1c1165f64320;32;Madrid Sur;2023-11-30;18:00:00;19:00:00;4595
9a893048-055e-43ae-b7ef-1c1165f64320;32;Madrid Sur;2023-11-30;19:00:00;20:00:00;4361
9a893048-055e-43ae-b7ef-1c1165f64320;32;Madrid Sur;2023-11-30;20:00:00;21:00:00;3834
9a893048-055e-43ae-b7ef-1c1165f64320;32;Madrid Sur;2023-11-30;21:00:00;22:00:00;3534
9a893048-055e-43ae-b7ef-1c1165f64320;32;Madrid Sur;2023-12-01;10:00:00;11:00:00;3882
9a893048-055e-43ae-b7ef-1c1165f64320;32;Madrid Sur;2023-12-01;11:00:00;12:00:00;4260
9a893048-055e-43ae-b7ef-1c1165f64320;32;Madrid Sur;2023-12-01;12:00:00;13:00:00;4775
9a893048-055e-43ae-b7ef-1c1165f64320;32;Madrid Sur;2023-12-01;13:00:00;14:00:00;4716
9a893048-055e-43ae-b7ef-1c1165f64320;32;Madrid Sur;2023-12-01;14:00:00;15:00:00;4901
9a893048-055e-43ae-b7ef-1c1165f64320;32;Madrid Sur;2023-12-01;15:00:00;16:00:00;4238
9a893048-055e-43ae-b7ef-1c1165f64320;32;Madrid Sur;2023-12-01;16:00:00;17:00:00;4851
9a893048-055e-43ae-b7ef-1c1165f64320;32;Madrid Sur;2023-12-01;17:00:00;18:00:00;5176
9a893048-055e-43ae-b7ef-1c1165f64320;32;Madrid Sur;2023-12-01;18:00:00;19:00:00;4963
9a893048-055e-43ae-b7ef-1c1165f64320;32;Madrid Sur;2023-12-01;19:00:00;20:00:00;5508
9a893048-055e-43ae-b7ef-1c1165f64320;32;Madrid Sur;2023-12-01;20:00:00;21:00:00;4884
9a893048-055e-43ae-b7ef-1c1165f64320;32;Madrid Sur;2023-12-01;21:00:00;22:00:00;4296
9a893048-055e-43ae-b7ef-1c1165f64320;32;Madrid Sur;2023-12-02;10:00:00;11:00:00;3945
9a893048-055e-43ae-b7ef-1c1165f64320;32;Madrid Sur;2023-12-02;11:00:00;12:00:00;4413
9a893048-055e-43ae-b7ef-1c1165f64320;32;Madrid Sur;2023-12-02;12:00:00;13:00:00;4977
9a893048-055e-43ae-b7ef-1c1165f64320;32;Madrid Sur;2023-12-02;13:00:00;14:00:00;5143
9a893048-055e-43ae-b7ef-1c1165f64320;32;Madrid Sur;2023-12-02;14:00:00;15:00:00;4507
9a893048-055e-43ae-b7ef-1c1165f64320;32;Madrid Sur;2023-12-02;15:00:00;16:00:00;3866
9a893048-055e-43ae-b7ef-1c1165f64320;32;Madrid Sur;2023-12-02;16:00:00;17:00:00;3753
9a893048-055e-43ae-b7ef-1c1165f64320;32;Madrid Sur;2023-12-02;17:00:00;18:00:00;4431
9a893048-055e-43ae-b7ef-1c1165f64320;32;Madrid Sur;2023-12-02;18:00:00;19:00:00;4558
9a893048-055e-43ae-b7ef-1c1165f64320;32;Madrid Sur;2023-12-02;19:00:00;20:00:00;4603
9a893048-055e-43ae-b7ef-1c1165f64320;32;Madrid Sur;2023-12-02;20:00:00;21:00:00;4043
9a893048-055e-43ae-b7ef-1c1165f64320;32;Madrid Sur;2023-12-02;21:00:00;22:00:00;3781
9a893048-055e-43ae-b7ef-1c1165f64320;32;Madrid Sur;2023-12-03;10:00:00;11:00:00;3496
9a893048-055e-43ae-b7ef-1c1165f64320;32;Madrid Sur;2023-12-03;11:00:00;12:00:00;3905
9a893048-055e-43ae-b7ef-1c1165f64320;32;Madrid Sur;2023-12-03;12:00:00;13:00:00;4384
9a893048-055e-43ae-b7ef-1c1165f64320;32;Madrid Sur;2023-12-03;13:00:00;14:00:00;4322
9a893048-055e-43ae-b7ef-1c1165f64320;32;Madrid Sur;2023-12-03;14:00:00;15:00:00;4152
9a893048-055e-43ae-b7ef-1c1165f64320;32;Madrid Sur;2023-12-03;15:00:00;16:00:00;3440
9a893048-055e-43ae-b7ef-1c1165f64320;32;Madrid Sur;2023-12-03;16:00:00;17:00:00;3608
9a893048-055e-43ae-b7ef-1c1165f64320;32;Madrid Sur;2023-12-03;17:00:00;18:00:00;4147
9a893048-055e-43ae-b7ef-1c1165f64320;32;Madrid Sur;2023-12-03;18:00:00;19:00:00;4273
9a893048-055e-43ae-b7ef-1c1165f64320;32;Madrid Sur;2023-12-03;19:00:00;20:00:00;4475
9a893048-055e-43ae-b7ef-1c1165f64320;32;Madrid Sur;2023-12-03;20:00:00;21:00:00;4025
9a893048-055e-43ae-b7ef-1c1165f64320;32;Madrid Sur;2023-12-03;21:00:00;22:00:00;3440
ae7e12dd-92d3-4d52-b6c2-fe9184bd8c34;33;Manoteras;2023-11-27;10:00:00;11:00:00;3
ae7e12dd-92d3-4d52-b6c2-fe9184bd8c34;33;Manoteras;2023-11-27;11:00:00;12:00:00;205
ae7e12dd-92d3-4d52-b6c2-fe9184bd8c34;33;Manoteras;2023-11-27;12:00:00;13:00:00;206
ae7e12dd-92d3-4d52-b6c2-fe9184bd8c34;33;Manoteras;2023-11-27;13:00:00;14:00:00;455
ae7e12dd-92d3-4d52-b6c2-fe9184bd8c34;33;Manoteras;2023-11-27;14:00:00;15:00:00;555
ae7e12dd-92d3-4d52-b6c2-fe9184bd8c34;33;Manoteras;2023-11-27;15:00:00;16:00:00;584
ae7e12dd-92d3-4d52-b6c2-fe9184bd8c34;33;Manoteras;2023-11-27;16:00:00;17:00:00;507
ae7e12dd-92d3-4d52-b6c2-fe9184bd8c34;33;Manoteras;2023-11-27;17:00:00;18:00:00;137
ae7e12dd-92d3-4d52-b6c2-fe9184bd8c34;33;Manoteras;2023-11-27;18:00:00;19:00:00;149
ae7e12dd-92d3-4d52-b6c2-fe9184bd8c34;33;Manoteras;2023-11-27;19:00:00;20:00:00;251
ae7e12dd-92d3-4d52-b6c2-fe9184bd8c34;33;Manoteras;2023-11-27;20:00:00;21:00:00;707
ae7e12dd-92d3-4d52-b6c2-fe9184bd8c34;33;Manoteras;2023-11-27;21:00:00;22:00:00;746
ae7e12dd-92d3-4d52-b6c2-fe9184bd8c34;33;Manoteras;2023-11-28;10:00:00;11:00:00;4
ae7e12dd-92d3-4d52-b6c2-fe9184bd8c34;33;Manoteras;2023-11-28;11:00:00;12:00:00;228
ae7e12dd-92d3-4d52-b6c2-fe9184bd8c34;33;Manoteras;2023-11-28;12:00:00;13:00:00;222
ae7e12dd-92d3-4d52-b6c2-fe9184bd8c34;33;Manoteras;2023-11-28;13:00:00;14:00:00;507
ae7e12dd-92d3-4d52-b6c2-fe9184bd8c34;33;Manoteras;2023-11-28;14:00:00;15:00:00;610
ae7e12dd-92d3-4d52-b6c2-fe9184bd8c34;33;Manoteras;2023-11-28;15:00:00;16:00:00;588
ae7e12dd-92d3-4d52-b6c2-fe9184bd8c34;33;Manoteras;2023-11-28;16:00:00;17:00:00;535
ae7e12dd-92d3-4d52-b6c2-fe9184bd8c34;33;Manoteras;2023-11-28;17:00:00;18:00:00;150
ae7e12dd-92d3-4d52-b6c2-fe9184bd8c34;33;Manoteras;2023-11-28;18:00:00;19:00:00;164
ae7e12dd-92d3-4d52-b6c2-fe9184bd8c34;33;Manoteras;2023-11-28;19:00:00;20:00:00;275
ae7e12dd-92d3-4d52-b6c2-fe9184bd8c34;33;Manoteras;2023-11-28;20:00:00;21:00:00;762
ae7e12dd-92d3-4d52-b6c2-fe9184bd8c34;33;Manoteras;2023-11-28;21:00:00;22:00:00;775
ae7e12dd-92d3-4d52-b6c2-fe9184bd8c34;33;Manoteras;2023-11-29;10:00:00;11:00:00;4
ae7e12dd-92d3-4d52-b6c2-fe9184bd8c34;33;Manoteras;2023-11-29;11:00:00;12:00:00;231
ae7e12dd-92d3-4d52-b6c2-fe9184bd8c34;33;Manoteras;2023-11-29;12:00:00;13:00:00;228
ae7e12dd-92d3-4d52-b6c2-fe9184bd8c34;33;Manoteras;2023-11-29;13:00:00;14:00:00;488
ae7e12dd-92d3-4d52-b6c2-fe9184bd8c34;33;Manoteras;2023-11-29;14:00:00;15:00:00;576
ae7e12dd-92d3-4d52-b6c2-fe9184bd8c34;33;Manoteras;2023-11-29;15:00:00;16:00:00;603
ae7e12dd-92d3-4d52-b6c2-fe9184bd8c34;33;Manoteras;2023-11-29;16:00:00;17:00:00;538
ae7e12dd-92d3-4d52-b6c2-fe9184bd8c34;33;Manoteras;2023-11-29;17:00:00;18:00:00;143
ae7e12dd-92d3-4d52-b6c2-fe9184bd8c34;33;Manoteras;2023-11-29;18:00:00;19:00:00;170
ae7e12dd-92d3-4d52-b6c2-fe9184bd8c34;33;Manoteras;2023-11-29;19:00:00;20:00:00;267
ae7e12dd-92d3-4d52-b6c2-fe9184bd8c34;33;Manoteras;2023-11-29;20:00:00;21:00:00;764
ae7e12dd-92d3-4d52-b6c2-fe9184bd8c34;33;Manoteras;2023-11-29;21:00:00;22:00:00;757
ae7e12dd-92d3-4d52-b6c2-fe9184bd8c34;33;Manoteras;2023-11-30;10:00:00;11:00:00;4
ae7e12dd-92d3-4d52-b6c2-fe9184bd8c34;33;Manoteras;2023-11-30;11:00:00;12:00:00;206
ae7e12dd-92d3-4d52-b6c2-fe9184bd8c34;33;Manoteras;2023-11-30;12:00:00;13:00:00;201
ae7e12dd-92d3-4d52-b6c2-fe9184bd8c34;33;Manoteras;2023-11-30;13:00:00;14:00:00;467
ae7e12dd-92d3-4d52-b6c2-fe9184bd8c34;33;Manoteras;2023-11-30;14:00:00;15:00:00;576
ae7e12dd-92d3-4d52-b6c2-fe9184bd8c34;33;Manoteras;2023-11-30;15:00:00;16:00:00;527
ae7e12dd-92d3-4d52-b6c2-fe9184bd8c34;33;Manoteras;2023-11-30;16:00:00;17:00:00;451
ae7e12dd-92d3-4d52-b6c2-fe9184bd8c34;33;Manoteras;2023-11-30;17:00:00;18:00:00;133
ae7e12dd-92d3-4d52-b6c2-fe9184bd8c34;33;Manoteras;2023-11-30;18:00:00;19:00:00;146
ae7e12dd-92d3-4d52-b6c2-fe9184bd8c34;33;Manoteras;2023-11-30;19:00:00;20:00:00;238
ae7e12dd-92d3-4d52-b6c2-fe9184bd8c34;33;Manoteras;2023-11-30;20:00:00;21:00:00;668
ae7e12dd-92d3-4d52-b6c2-fe9184bd8c34;33;Manoteras;2023-11-30;21:00:00;22:00:00;692
ae7e12dd-92d3-4d52-b6c2-fe9184bd8c34;33;Manoteras;2023-12-01;10:00:00;11:00:00;3
ae7e12dd-92d3-4d52-b6c2-fe9184bd8c34;33;Manoteras;2023-12-01;11:00:00;12:00:00;192
ae7e12dd-92d3-4d52-b6c2-fe9184bd8c34;33;Manoteras;2023-12-01;12:00:00;13:00:00;201
ae7e12dd-92d3-4d52-b6c2-fe9184bd8c34;33;Manoteras;2023-12-01;13:00:00;14:00:00;428
ae7e12dd-92d3-4d52-b6c2-fe9184bd8c34;33;Manoteras;2023-12-01;14:00:00;15:00:00;529
ae7e12dd-92d3-4d52-b6c2-fe9184bd8c34;33;Manoteras;2023-12-01;15:00:00;16:00:00;574
ae7e12dd-92d3-4d52-b6c2-fe9184bd8c34;33;Manoteras;2023-12-01;16:00:00;17:00:00;579
ae7e12dd-92d3-4d52-b6c2-fe9184bd8c34;33;Manoteras;2023-12-01;17:00:00;18:00:00;473
ae7e12dd-92d3-4d52-b6c2-fe9184bd8c34;33;Manoteras;2023-12-01;18:00:00;19:00:00;460
ae7e12dd-92d3-4d52-b6c2-fe9184bd8c34;33;Manoteras;2023-12-01;19:00:00;20:00:00;593
ae7e12dd-92d3-4d52-b6c2-fe9184bd8c34;33;Manoteras;2023-12-01;20:00:00;21:00:00;640
ae7e12dd-92d3-4d52-b6c2-fe9184bd8c34;33;Manoteras;2023-12-01;21:00:00;22:00:00;669
ae7e12dd-92d3-4d52-b6c2-fe9184bd8c34;33;Manoteras;2023-12-02;10:00:00;11:00:00;0
ae7e12dd-92d3-4d52-b6c2-fe9184bd8c34;33;Manoteras;2023-12-02;11:00:00;12:00:00;261
ae7e12dd-92d3-4d52-b6c2-fe9184bd8c34;33;Manoteras;2023-12-02;12:00:00;13:00:00;253
ae7e12dd-92d3-4d52-b6c2-fe9184bd8c34;33;Manoteras;2023-12-02;13:00:00;14:00:00;562
ae7e12dd-92d3-4d52-b6c2-fe9184bd8c34;33;Manoteras;2023-12-02;14:00:00;15:00:00;571
ae7e12dd-92d3-4d52-b6c2-fe9184bd8c34;33;Manoteras;2023-12-02;15:00:00;16:00:00;660
ae7e12dd-92d3-4d52-b6c2-fe9184bd8c34;33;Manoteras;2023-12-02;16:00:00;17:00:00;660
ae7e12dd-92d3-4d52-b6c2-fe9184bd8c34;33;Manoteras;2023-12-02;17:00:00;18:00:00;582
ae7e12dd-92d3-4d52-b6c2-fe9184bd8c34;33;Manoteras;2023-12-02;18:00:00;19:00:00;576
ae7e12dd-92d3-4d52-b6c2-fe9184bd8c34;33;Manoteras;2023-12-02;19:00:00;20:00:00;680
ae7e12dd-92d3-4d52-b6c2-fe9184bd8c34;33;Manoteras;2023-12-02;20:00:00;21:00:00;690
ae7e12dd-92d3-4d52-b6c2-fe9184bd8c34;33;Manoteras;2023-12-02;21:00:00;22:00:00;662
ae7e12dd-92d3-4d52-b6c2-fe9184bd8c34;33;Manoteras;2023-12-03;10:00:00;11:00:00;0
ae7e12dd-92d3-4d52-b6c2-fe9184bd8c34;33;Manoteras;2023-12-03;11:00:00;12:00:00;125
ae7e12dd-92d3-4d52-b6c2-fe9184bd8c34;33;Manoteras;2023-12-03;12:00:00;13:00:00;124
ae7e12dd-92d3-4d52-b6c2-fe9184bd8c34;33;Manoteras;2023-12-03;13:00:00;14:00:00;261
ae7e12dd-92d3-4d52-b6c2-fe9184bd8c34;33;Manoteras;2023-12-03;14:00:00;15:00:00;295
ae7e12dd-92d3-4d52-b6c2-fe9184bd8c34;33;Manoteras;2023-12-03;15:00:00;16:00:00;277
ae7e12dd-92d3-4d52-b6c2-fe9184bd8c34;33;Manoteras;2023-12-03;16:00:00;17:00:00;386
ae7e12dd-92d3-4d52-b6c2-fe9184bd8c34;33;Manoteras;2023-12-03;17:00:00;18:00:00;391
ae7e12dd-92d3-4d52-b6c2-fe9184bd8c34;33;Manoteras;2023-12-03;18:00:00;19:00:00;422
ae7e12dd-92d3-4d52-b6c2-fe9184bd8c34;33;Manoteras;2023-12-03;19:00:00;20:00:00;401
ae7e12dd-92d3-4d52-b6c2-fe9184bd8c34;33;Manoteras;2023-12-03;20:00:00;21:00:00;443
ae7e12dd-92d3-4d52-b6c2-fe9184bd8c34;33;Manoteras;2023-12-03;21:00:00;22:00:00;434
39f7933c-5cbc-4d42-908e-6bd88c55c50c;34;Max Center/Ocio;2023-11-27;10:00:00;11:00:00;3695
39f7933c-5cbc-4d42-908e-6bd88c55c50c;34;Max Center/Ocio;2023-11-27;11:00:00;12:00:00;4531
39f7933c-5cbc-4d42-908e-6bd88c55c50c;34;Max Center/Ocio;2023-11-27;12:00:00;13:00:00;5472
39f7933c-5cbc-4d42-908e-6bd88c55c50c;34;Max Center/Ocio;2023-11-27;13:00:00;14:00:00;5798
39f7933c-5cbc-4d42-908e-6bd88c55c50c;34;Max Center/Ocio;2023-11-27;14:00:00;15:00:00;5299
39f7933c-5cbc-4d42-908e-6bd88c55c50c;34;Max Center/Ocio;2023-11-27;15:00:00;16:00:00;4429
39f7933c-5cbc-4d42-908e-6bd88c55c50c;34;Max Center/Ocio;2023-11-27;16:00:00;17:00:00;4691
39f7933c-5cbc-4d42-908e-6bd88c55c50c;34;Max Center/Ocio;2023-11-27;17:00:00;18:00:00;5787
39f7933c-5cbc-4d42-908e-6bd88c55c50c;34;Max Center/Ocio;2023-11-27;18:00:00;19:00:00;6155
39f7933c-5cbc-4d42-908e-6bd88c55c50c;34;Max Center/Ocio;2023-11-27;19:00:00;20:00:00;5970
39f7933c-5cbc-4d42-908e-6bd88c55c50c;34;Max Center/Ocio;2023-11-27;20:00:00;21:00:00;4218
39f7933c-5cbc-4d42-908e-6bd88c55c50c;34;Max Center/Ocio;2023-11-27;21:00:00;22:00:00;2861
39f7933c-5cbc-4d42-908e-6bd88c55c50c;34;Max Center/Ocio;2023-11-28;10:00:00;11:00:00;4631
39f7933c-5cbc-4d42-908e-6bd88c55c50c;34;Max Center/Ocio;2023-11-28;11:00:00;12:00:00;4598
39f7933c-5cbc-4d42-908e-6bd88c55c50c;34;Max Center/Ocio;2023-11-28;12:00:00;13:00:00;4880
39f7933c-5cbc-4d42-908e-6bd88c55c50c;34;Max Center/Ocio;2023-11-28;13:00:00;14:00:00;4954
39f7933c-5cbc-4d42-908e-6bd88c55c50c;34;Max Center/Ocio;2023-11-28;14:00:00;15:00:00;4740
39f7933c-5cbc-4d42-908e-6bd88c55c50c;34;Max Center/Ocio;2023-11-28;15:00:00;16:00:00;4659
39f7933c-5cbc-4d42-908e-6bd88c55c50c;34;Max Center/Ocio;2023-11-28;16:00:00;17:00:00;4927
39f7933c-5cbc-4d42-908e-6bd88c55c50c;34;Max Center/Ocio;2023-11-28;17:00:00;18:00:00;6147
39f7933c-5cbc-4d42-908e-6bd88c55c50c;34;Max Center/Ocio;2023-11-28;18:00:00;19:00:00;6866
39f7933c-5cbc-4d42-908e-6bd88c55c50c;34;Max Center/Ocio;2023-11-28;19:00:00;20:00:00;6134
39f7933c-5cbc-4d42-908e-6bd88c55c50c;34;Max Center/Ocio;2023-11-28;20:00:00;21:00:00;4491
39f7933c-5cbc-4d42-908e-6bd88c55c50c;34;Max Center/Ocio;2023-11-28;21:00:00;22:00:00;3069
39f7933c-5cbc-4d42-908e-6bd88c55c50c;34;Max Center/Ocio;2023-11-29;10:00:00;11:00:00;3886
39f7933c-5cbc-4d42-908e-6bd88c55c50c;34;Max Center/Ocio;2023-11-29;11:00:00;12:00:00;4287
39f7933c-5cbc-4d42-908e-6bd88c55c50c;34;Max Center/Ocio;2023-11-29;12:00:00;13:00:00;4662
39f7933c-5cbc-4d42-908e-6bd88c55c50c;34;Max Center/Ocio;2023-11-29;13:00:00;14:00:00;4647
39f7933c-5cbc-4d42-908e-6bd88c55c50c;34;Max Center/Ocio;2023-11-29;14:00:00;15:00:00;4360
39f7933c-5cbc-4d42-908e-6bd88c55c50c;34;Max Center/Ocio;2023-11-29;15:00:00;16:00:00;5070
39f7933c-5cbc-4d42-908e-6bd88c55c50c;34;Max Center/Ocio;2023-11-29;16:00:00;17:00:00;5073
39f7933c-5cbc-4d42-908e-6bd88c55c50c;34;Max Center/Ocio;2023-11-29;17:00:00;18:00:00;6130
39f7933c-5cbc-4d42-908e-6bd88c55c50c;34;Max Center/Ocio;2023-11-29;18:00:00;19:00:00;7023
39f7933c-5cbc-4d42-908e-6bd88c55c50c;34;Max Center/Ocio;2023-11-29;19:00:00;20:00:00;6460
39f7933c-5cbc-4d42-908e-6bd88c55c50c;34;Max Center/Ocio;2023-11-29;20:00:00;21:00:00;4925
39f7933c-5cbc-4d42-908e-6bd88c55c50c;34;Max Center/Ocio;2023-11-29;21:00:00;22:00:00;3659
39f7933c-5cbc-4d42-908e-6bd88c55c50c;34;Max Center/Ocio;2023-11-30;10:00:00;11:00:00;4364
39f7933c-5cbc-4d42-908e-6bd88c55c50c;34;Max Center/Ocio;2023-11-30;11:00:00;12:00:00;5228
39f7933c-5cbc-4d42-908e-6bd88c55c50c;34;Max Center/Ocio;2023-11-30;12:00:00;13:00:00;5112
39f7933c-5cbc-4d42-908e-6bd88c55c50c;34;Max Center/Ocio;2023-11-30;13:00:00;14:00:00;5383
39f7933c-5cbc-4d42-908e-6bd88c55c50c;34;Max Center/Ocio;2023-11-30;14:00:00;15:00:00;4832
39f7933c-5cbc-4d42-908e-6bd88c55c50c;34;Max Center/Ocio;2023-11-30;15:00:00;16:00:00;5082
39f7933c-5cbc-4d42-908e-6bd88c55c50c;34;Max Center/Ocio;2023-11-30;16:00:00;17:00:00;5160
39f7933c-5cbc-4d42-908e-6bd88c55c50c;34;Max Center/Ocio;2023-11-30;17:00:00;18:00:00;6442
39f7933c-5cbc-4d42-908e-6bd88c55c50c;34;Max Center/Ocio;2023-11-30;18:00:00;19:00:00;6947
39f7933c-5cbc-4d42-908e-6bd88c55c50c;34;Max Center/Ocio;2023-11-30;19:00:00;20:00:00;6567
39f7933c-5cbc-4d42-908e-6bd88c55c50c;34;Max Center/Ocio;2023-11-30;20:00:00;21:00:00;4710
39f7933c-5cbc-4d42-908e-6bd88c55c50c;34;Max Center/Ocio;2023-11-30;21:00:00;22:00:00;3462
39f7933c-5cbc-4d42-908e-6bd88c55c50c;34;Max Center/Ocio;2023-12-01;10:00:00;11:00:00;4064
39f7933c-5cbc-4d42-908e-6bd88c55c50c;34;Max Center/Ocio;2023-12-01;11:00:00;12:00:00;4454
39f7933c-5cbc-4d42-908e-6bd88c55c50c;34;Max Center/Ocio;2023-12-01;12:00:00;13:00:00;4863
39f7933c-5cbc-4d42-908e-6bd88c55c50c;34;Max Center/Ocio;2023-12-01;13:00:00;14:00:00;4928
39f7933c-5cbc-4d42-908e-6bd88c55c50c;34;Max Center/Ocio;2023-12-01;14:00:00;15:00:00;4567
39f7933c-5cbc-4d42-908e-6bd88c55c50c;34;Max Center/Ocio;2023-12-01;15:00:00;16:00:00;5086
39f7933c-5cbc-4d42-908e-6bd88c55c50c;34;Max Center/Ocio;2023-12-01;16:00:00;17:00:00;5552
39f7933c-5cbc-4d42-908e-6bd88c55c50c;34;Max Center/Ocio;2023-12-01;17:00:00;18:00:00;6542
39f7933c-5cbc-4d42-908e-6bd88c55c50c;34;Max Center/Ocio;2023-12-01;18:00:00;19:00:00;7868
39f7933c-5cbc-4d42-908e-6bd88c55c50c;34;Max Center/Ocio;2023-12-01;19:00:00;20:00:00;7720
39f7933c-5cbc-4d42-908e-6bd88c55c50c;34;Max Center/Ocio;2023-12-01;20:00:00;21:00:00;7003
39f7933c-5cbc-4d42-908e-6bd88c55c50c;34;Max Center/Ocio;2023-12-01;21:00:00;22:00:00;4772
39f7933c-5cbc-4d42-908e-6bd88c55c50c;34;Max Center/Ocio;2023-12-02;10:00:00;11:00:00;3797
39f7933c-5cbc-4d42-908e-6bd88c55c50c;34;Max Center/Ocio;2023-12-02;11:00:00;12:00:00;5516
39f7933c-5cbc-4d42-908e-6bd88c55c50c;34;Max Center/Ocio;2023-12-02;12:00:00;13:00:00;7394
39f7933c-5cbc-4d42-908e-6bd88c55c50c;34;Max Center/Ocio;2023-12-02;13:00:00;14:00:00;7224
39f7933c-5cbc-4d42-908e-6bd88c55c50c;34;Max Center/Ocio;2023-12-02;14:00:00;15:00:00;6458
39f7933c-5cbc-4d42-908e-6bd88c55c50c;34;Max Center/Ocio;2023-12-02;15:00:00;16:00:00;6222
39f7933c-5cbc-4d42-908e-6bd88c55c50c;34;Max Center/Ocio;2023-12-02;16:00:00;17:00:00;6939
39f7933c-5cbc-4d42-908e-6bd88c55c50c;34;Max Center/Ocio;2023-12-02;17:00:00;18:00:00;9063
39f7933c-5cbc-4d42-908e-6bd88c55c50c;34;Max Center/Ocio;2023-12-02;18:00:00;19:00:00;11180
39f7933c-5cbc-4d42-908e-6bd88c55c50c;34;Max Center/Ocio;2023-12-02;19:00:00;20:00:00;11521
39f7933c-5cbc-4d42-908e-6bd88c55c50c;34;Max Center/Ocio;2023-12-02;20:00:00;21:00:00;10298
39f7933c-5cbc-4d42-908e-6bd88c55c50c;34;Max Center/Ocio;2023-12-02;21:00:00;22:00:00;6868
39f7933c-5cbc-4d42-908e-6bd88c55c50c;34;Max Center/Ocio;2023-12-03;10:00:00;11:00:00;0
39f7933c-5cbc-4d42-908e-6bd88c55c50c;34;Max Center/Ocio;2023-12-03;11:00:00;12:00:00;0
39f7933c-5cbc-4d42-908e-6bd88c55c50c;34;Max Center/Ocio;2023-12-03;12:00:00;13:00:00;0
39f7933c-5cbc-4d42-908e-6bd88c55c50c;34;Max Center/Ocio;2023-12-03;13:00:00;14:00:00;0
39f7933c-5cbc-4d42-908e-6bd88c55c50c;34;Max Center/Ocio;2023-12-03;14:00:00;15:00:00;0
39f7933c-5cbc-4d42-908e-6bd88c55c50c;34;Max Center/Ocio;2023-12-03;15:00:00;16:00:00;0
39f7933c-5cbc-4d42-908e-6bd88c55c50c;34;Max Center/Ocio;2023-12-03;16:00:00;17:00:00;0
39f7933c-5cbc-4d42-908e-6bd88c55c50c;34;Max Center/Ocio;2023-12-03;17:00:00;18:00:00;0
39f7933c-5cbc-4d42-908e-6bd88c55c50c;34;Max Center/Ocio;2023-12-03;18:00:00;19:00:00;0
39f7933c-5cbc-4d42-908e-6bd88c55c50c;34;Max Center/Ocio;2023-12-03;19:00:00;20:00:00;0
39f7933c-5cbc-4d42-908e-6bd88c55c50c;34;Max Center/Ocio;2023-12-03;20:00:00;21:00:00;0
39f7933c-5cbc-4d42-908e-6bd88c55c50c;34;Max Center/Ocio;2023-12-03;21:00:00;22:00:00;0
d00339ba-c6d2-4830-acd1-b9cbe9b6be22;60;Nassica - Parque Comercial y de Ocio;2023-11-27;10:00:00;11:00:00;1473
d00339ba-c6d2-4830-acd1-b9cbe9b6be22;60;Nassica - Parque Comercial y de Ocio;2023-11-27;11:00:00;12:00:00;1940
d00339ba-c6d2-4830-acd1-b9cbe9b6be22;60;Nassica - Parque Comercial y de Ocio;2023-11-27;12:00:00;13:00:00;2185
d00339ba-c6d2-4830-acd1-b9cbe9b6be22;60;Nassica - Parque Comercial y de Ocio;2023-11-27;13:00:00;14:00:00;2280
d00339ba-c6d2-4830-acd1-b9cbe9b6be22;60;Nassica - Parque Comercial y de Ocio;2023-11-27;14:00:00;15:00:00;2442
d00339ba-c6d2-4830-acd1-b9cbe9b6be22;60;Nassica - Parque Comercial y de Ocio;2023-11-27;15:00:00;16:00:00;2356
d00339ba-c6d2-4830-acd1-b9cbe9b6be22;60;Nassica - Parque Comercial y de Ocio;2023-11-27;16:00:00;17:00:00;2134
d00339ba-c6d2-4830-acd1-b9cbe9b6be22;60;Nassica - Parque Comercial y de Ocio;2023-11-27;17:00:00;18:00:00;2519
d00339ba-c6d2-4830-acd1-b9cbe9b6be22;60;Nassica - Parque Comercial y de Ocio;2023-11-27;18:00:00;19:00:00;2962
d00339ba-c6d2-4830-acd1-b9cbe9b6be22;60;Nassica - Parque Comercial y de Ocio;2023-11-27;19:00:00;20:00:00;3191
d00339ba-c6d2-4830-acd1-b9cbe9b6be22;60;Nassica - Parque Comercial y de Ocio;2023-11-27;20:00:00;21:00:00;2374
d00339ba-c6d2-4830-acd1-b9cbe9b6be22;60;Nassica - Parque Comercial y de Ocio;2023-11-27;21:00:00;22:00:00;1796
d00339ba-c6d2-4830-acd1-b9cbe9b6be22;60;Nassica - Parque Comercial y de Ocio;2023-11-28;10:00:00;11:00:00;1654
d00339ba-c6d2-4830-acd1-b9cbe9b6be22;60;Nassica - Parque Comercial y de Ocio;2023-11-28;11:00:00;12:00:00;1968
d00339ba-c6d2-4830-acd1-b9cbe9b6be22;60;Nassica - Parque Comercial y de Ocio;2023-11-28;12:00:00;13:00:00;1997
d00339ba-c6d2-4830-acd1-b9cbe9b6be22;60;Nassica - Parque Comercial y de Ocio;2023-11-28;13:00:00;14:00:00;2055
d00339ba-c6d2-4830-acd1-b9cbe9b6be22;60;Nassica - Parque Comercial y de Ocio;2023-11-28;14:00:00;15:00:00;2054
d00339ba-c6d2-4830-acd1-b9cbe9b6be22;60;Nassica - Parque Comercial y de Ocio;2023-11-28;15:00:00;16:00:00;2091
d00339ba-c6d2-4830-acd1-b9cbe9b6be22;60;Nassica - Parque Comercial y de Ocio;2023-11-28;16:00:00;17:00:00;1983
d00339ba-c6d2-4830-acd1-b9cbe9b6be22;60;Nassica - Parque Comercial y de Ocio;2023-11-28;17:00:00;18:00:00;2566
d00339ba-c6d2-4830-acd1-b9cbe9b6be22;60;Nassica - Parque Comercial y de Ocio;2023-11-28;18:00:00;19:00:00;2844
d00339ba-c6d2-4830-acd1-b9cbe9b6be22;60;Nassica - Parque Comercial y de Ocio;2023-11-28;19:00:00;20:00:00;2755
d00339ba-c6d2-4830-acd1-b9cbe9b6be22;60;Nassica - Parque Comercial y de Ocio;2023-11-28;20:00:00;21:00:00;2470
d00339ba-c6d2-4830-acd1-b9cbe9b6be22;60;Nassica - Parque Comercial y de Ocio;2023-11-28;21:00:00;22:00:00;1934
d00339ba-c6d2-4830-acd1-b9cbe9b6be22;60;Nassica - Parque Comercial y de Ocio;2023-11-29;10:00:00;11:00:00;1725
d00339ba-c6d2-4830-acd1-b9cbe9b6be22;60;Nassica - Parque Comercial y de Ocio;2023-11-29;11:00:00;12:00:00;2048
d00339ba-c6d2-4830-acd1-b9cbe9b6be22;60;Nassica - Parque Comercial y de Ocio;2023-11-29;12:00:00;13:00:00;2115
d00339ba-c6d2-4830-acd1-b9cbe9b6be22;60;Nassica - Parque Comercial y de Ocio;2023-11-29;13:00:00;14:00:00;2035
d00339ba-c6d2-4830-acd1-b9cbe9b6be22;60;Nassica - Parque Comercial y de Ocio;2023-11-29;14:00:00;15:00:00;2411
d00339ba-c6d2-4830-acd1-b9cbe9b6be22;60;Nassica - Parque Comercial y de Ocio;2023-11-29;15:00:00;16:00:00;2549
d00339ba-c6d2-4830-acd1-b9cbe9b6be22;60;Nassica - Parque Comercial y de Ocio;2023-11-29;16:00:00;17:00:00;2152
d00339ba-c6d2-4830-acd1-b9cbe9b6be22;60;Nassica - Parque Comercial y de Ocio;2023-11-29;17:00:00;18:00:00;2636
d00339ba-c6d2-4830-acd1-b9cbe9b6be22;60;Nassica - Parque Comercial y de Ocio;2023-11-29;18:00:00;19:00:00;3185
d00339ba-c6d2-4830-acd1-b9cbe9b6be22;60;Nassica - Parque Comercial y de Ocio;2023-11-29;19:00:00;20:00:00;3143
d00339ba-c6d2-4830-acd1-b9cbe9b6be22;60;Nassica - Parque Comercial y de Ocio;2023-11-29;20:00:00;21:00:00;2898
d00339ba-c6d2-4830-acd1-b9cbe9b6be22;60;Nassica - Parque Comercial y de Ocio;2023-11-29;21:00:00;22:00:00;2267
d00339ba-c6d2-4830-acd1-b9cbe9b6be22;60;Nassica - Parque Comercial y de Ocio;2023-11-30;10:00:00;11:00:00;2658
d00339ba-c6d2-4830-acd1-b9cbe9b6be22;60;Nassica - Parque Comercial y de Ocio;2023-11-30;11:00:00;12:00:00;3598
d00339ba-c6d2-4830-acd1-b9cbe9b6be22;60;Nassica - Parque Comercial y de Ocio;2023-11-30;12:00:00;13:00:00;3710
d00339ba-c6d2-4830-acd1-b9cbe9b6be22;60;Nassica - Parque Comercial y de Ocio;2023-11-30;13:00:00;14:00:00;3528
d00339ba-c6d2-4830-acd1-b9cbe9b6be22;60;Nassica - Parque Comercial y de Ocio;2023-11-30;14:00:00;15:00:00;3112
d00339ba-c6d2-4830-acd1-b9cbe9b6be22;60;Nassica - Parque Comercial y de Ocio;2023-11-30;15:00:00;16:00:00;2972
d00339ba-c6d2-4830-acd1-b9cbe9b6be22;60;Nassica - Parque Comercial y de Ocio;2023-11-30;16:00:00;17:00:00;3020
d00339ba-c6d2-4830-acd1-b9cbe9b6be22;60;Nassica - Parque Comercial y de Ocio;2023-11-30;17:00:00;18:00:00;3506
d00339ba-c6d2-4830-acd1-b9cbe9b6be22;60;Nassica - Parque Comercial y de Ocio;2023-11-30;18:00:00;19:00:00;4010
d00339ba-c6d2-4830-acd1-b9cbe9b6be22;60;Nassica - Parque Comercial y de Ocio;2023-11-30;19:00:00;20:00:00;3952
d00339ba-c6d2-4830-acd1-b9cbe9b6be22;60;Nassica - Parque Comercial y de Ocio;2023-11-30;20:00:00;21:00:00;3716
d00339ba-c6d2-4830-acd1-b9cbe9b6be22;60;Nassica - Parque Comercial y de Ocio;2023-11-30;21:00:00;22:00:00;2959
d00339ba-c6d2-4830-acd1-b9cbe9b6be22;60;Nassica - Parque Comercial y de Ocio;2023-12-01;10:00:00;11:00:00;2018
d00339ba-c6d2-4830-acd1-b9cbe9b6be22;60;Nassica - Parque Comercial y de Ocio;2023-12-01;11:00:00;12:00:00;2330
d00339ba-c6d2-4830-acd1-b9cbe9b6be22;60;Nassica - Parque Comercial y de Ocio;2023-12-01;12:00:00;13:00:00;2392
d00339ba-c6d2-4830-acd1-b9cbe9b6be22;60;Nassica - Parque Comercial y de Ocio;2023-12-01;13:00:00;14:00:00;2572
d00339ba-c6d2-4830-acd1-b9cbe9b6be22;60;Nassica - Parque Comercial y de Ocio;2023-12-01;14:00:00;15:00:00;2670
d00339ba-c6d2-4830-acd1-b9cbe9b6be22;60;Nassica - Parque Comercial y de Ocio;2023-12-01;15:00:00;16:00:00;3064
d00339ba-c6d2-4830-acd1-b9cbe9b6be22;60;Nassica - Parque Comercial y de Ocio;2023-12-01;16:00:00;17:00:00;3158
d00339ba-c6d2-4830-acd1-b9cbe9b6be22;60;Nassica - Parque Comercial y de Ocio;2023-12-01;17:00:00;18:00:00;3297
d00339ba-c6d2-4830-acd1-b9cbe9b6be22;60;Nassica - Parque Comercial y de Ocio;2023-12-01;18:00:00;19:00:00;4225
d00339ba-c6d2-4830-acd1-b9cbe9b6be22;60;Nassica - Parque Comercial y de Ocio;2023-12-01;19:00:00;20:00:00;4343
d00339ba-c6d2-4830-acd1-b9cbe9b6be22;60;Nassica - Parque Comercial y de Ocio;2023-12-01;20:00:00;21:00:00;4397
d00339ba-c6d2-4830-acd1-b9cbe9b6be22;60;Nassica - Parque Comercial y de Ocio;2023-12-01;21:00:00;22:00:00;3923
d00339ba-c6d2-4830-acd1-b9cbe9b6be22;60;Nassica - Parque Comercial y de Ocio;2023-12-02;10:00:00;11:00:00;1817
d00339ba-c6d2-4830-acd1-b9cbe9b6be22;60;Nassica - Parque Comercial y de Ocio;2023-12-02;11:00:00;12:00:00;3202
d00339ba-c6d2-4830-acd1-b9cbe9b6be22;60;Nassica - Parque Comercial y de Ocio;2023-12-02;12:00:00;13:00:00;4336
d00339ba-c6d2-4830-acd1-b9cbe9b6be22;60;Nassica - Parque Comercial y de Ocio;2023-12-02;13:00:00;14:00:00;4349
d00339ba-c6d2-4830-acd1-b9cbe9b6be22;60;Nassica - Parque Comercial y de Ocio;2023-12-02;14:00:00;15:00:00;4985
d00339ba-c6d2-4830-acd1-b9cbe9b6be22;60;Nassica - Parque Comercial y de Ocio;2023-12-02;15:00:00;16:00:00;5454
d00339ba-c6d2-4830-acd1-b9cbe9b6be22;60;Nassica - Parque Comercial y de Ocio;2023-12-02;16:00:00;17:00:00;5088
d00339ba-c6d2-4830-acd1-b9cbe9b6be22;60;Nassica - Parque Comercial y de Ocio;2023-12-02;17:00:00;18:00:00;5074
d00339ba-c6d2-4830-acd1-b9cbe9b6be22;60;Nassica - Parque Comercial y de Ocio;2023-12-02;18:00:00;19:00:00;5675
d00339ba-c6d2-4830-acd1-b9cbe9b6be22;60;Nassica - Parque Comercial y de Ocio;2023-12-02;19:00:00;20:00:00;5794
d00339ba-c6d2-4830-acd1-b9cbe9b6be22;60;Nassica - Parque Comercial y de Ocio;2023-12-02;20:00:00;21:00:00;5843
d00339ba-c6d2-4830-acd1-b9cbe9b6be22;60;Nassica - Parque Comercial y de Ocio;2023-12-02;21:00:00;22:00:00;5599
d00339ba-c6d2-4830-acd1-b9cbe9b6be22;60;Nassica - Parque Comercial y de Ocio;2023-12-03;10:00:00;11:00:00;1678
d00339ba-c6d2-4830-acd1-b9cbe9b6be22;60;Nassica - Parque Comercial y de Ocio;2023-12-03;11:00:00;12:00:00;3124
d00339ba-c6d2-4830-acd1-b9cbe9b6be22;60;Nassica - Parque Comercial y de Ocio;2023-12-03;12:00:00;13:00:00;4587
d00339ba-c6d2-4830-acd1-b9cbe9b6be22;60;Nassica - Parque Comercial y de Ocio;2023-12-03;13:00:00;14:00:00;4336
d00339ba-c6d2-4830-acd1-b9cbe9b6be22;60;Nassica - Parque Comercial y de Ocio;2023-12-03;14:00:00;15:00:00;5299
d00339ba-c6d2-4830-acd1-b9cbe9b6be22;60;Nassica - Parque Comercial y de Ocio;2023-12-03;15:00:00;16:00:00;5437
d00339ba-c6d2-4830-acd1-b9cbe9b6be22;60;Nassica - Parque Comercial y de Ocio;2023-12-03;16:00:00;17:00:00;5425
d00339ba-c6d2-4830-acd1-b9cbe9b6be22;60;Nassica - Parque Comercial y de Ocio;2023-12-03;17:00:00;18:00:00;5435
d00339ba-c6d2-4830-acd1-b9cbe9b6be22;60;Nassica - Parque Comercial y de Ocio;2023-12-03;18:00:00;19:00:00;5403
d00339ba-c6d2-4830-acd1-b9cbe9b6be22;60;Nassica - Parque Comercial y de Ocio;2023-12-03;19:00:00;20:00:00;5086
d00339ba-c6d2-4830-acd1-b9cbe9b6be22;60;Nassica - Parque Comercial y de Ocio;2023-12-03;20:00:00;21:00:00;4201
d00339ba-c6d2-4830-acd1-b9cbe9b6be22;60;Nassica - Parque Comercial y de Ocio;2023-12-03;21:00:00;22:00:00;3250
e2aef294-794c-4674-9509-6c15225543af;101;Parque Corredor;2023-11-27;10:00:00;11:00:00;2222
e2aef294-794c-4674-9509-6c15225543af;101;Parque Corredor;2023-11-27;11:00:00;12:00:00;2739
e2aef294-794c-4674-9509-6c15225543af;101;Parque Corredor;2023-11-27;12:00:00;13:00:00;2992
e2aef294-794c-4674-9509-6c15225543af;101;Parque Corredor;2023-11-27;13:00:00;14:00:00;2909
e2aef294-794c-4674-9509-6c15225543af;101;Parque Corredor;2023-11-27;14:00:00;15:00:00;2365
e2aef294-794c-4674-9509-6c15225543af;101;Parque Corredor;2023-11-27;15:00:00;16:00:00;2448
e2aef294-794c-4674-9509-6c15225543af;101;Parque Corredor;2023-11-27;16:00:00;17:00:00;2668
e2aef294-794c-4674-9509-6c15225543af;101;Parque Corredor;2023-11-27;17:00:00;18:00:00;3033
e2aef294-794c-4674-9509-6c15225543af;101;Parque Corredor;2023-11-27;18:00:00;19:00:00;3662
e2aef294-794c-4674-9509-6c15225543af;101;Parque Corredor;2023-11-27;19:00:00;20:00:00;3846
e2aef294-794c-4674-9509-6c15225543af;101;Parque Corredor;2023-11-27;20:00:00;21:00:00;2845
e2aef294-794c-4674-9509-6c15225543af;101;Parque Corredor;2023-11-27;21:00:00;22:00:00;1886
e2aef294-794c-4674-9509-6c15225543af;101;Parque Corredor;2023-11-28;10:00:00;11:00:00;2505
e2aef294-794c-4674-9509-6c15225543af;101;Parque Corredor;2023-11-28;11:00:00;12:00:00;3223
e2aef294-794c-4674-9509-6c15225543af;101;Parque Corredor;2023-11-28;12:00:00;13:00:00;3342
e2aef294-794c-4674-9509-6c15225543af;101;Parque Corredor;2023-11-28;13:00:00;14:00:00;3078
e2aef294-794c-4674-9509-6c15225543af;101;Parque Corredor;2023-11-28;14:00:00;15:00:00;2636
e2aef294-794c-4674-9509-6c15225543af;101;Parque Corredor;2023-11-28;15:00:00;16:00:00;2729
e2aef294-794c-4674-9509-6c15225543af;101;Parque Corredor;2023-11-28;16:00:00;17:00:00;2945
e2aef294-794c-4674-9509-6c15225543af;101;Parque Corredor;2023-11-28;17:00:00;18:00:00;3010
e2aef294-794c-4674-9509-6c15225543af;101;Parque Corredor;2023-11-28;18:00:00;19:00:00;3881
e2aef294-794c-4674-9509-6c15225543af;101;Parque Corredor;2023-11-28;19:00:00;20:00:00;4073
e2aef294-794c-4674-9509-6c15225543af;101;Parque Corredor;2023-11-28;20:00:00;21:00:00;3506
e2aef294-794c-4674-9509-6c15225543af;101;Parque Corredor;2023-11-28;21:00:00;22:00:00;2081
e2aef294-794c-4674-9509-6c15225543af;101;Parque Corredor;2023-11-29;10:00:00;11:00:00;2799
e2aef294-794c-4674-9509-6c15225543af;101;Parque Corredor;2023-11-29;11:00:00;12:00:00;3096
e2aef294-794c-4674-9509-6c15225543af;101;Parque Corredor;2023-11-29;12:00:00;13:00:00;3301
e2aef294-794c-4674-9509-6c15225543af;101;Parque Corredor;2023-11-29;13:00:00;14:00:00;2887
e2aef294-794c-4674-9509-6c15225543af;101;Parque Corredor;2023-11-29;14:00:00;15:00:00;2766
e2aef294-794c-4674-9509-6c15225543af;101;Parque Corredor;2023-11-29;15:00:00;16:00:00;2506
e2aef294-794c-4674-9509-6c15225543af;101;Parque Corredor;2023-11-29;16:00:00;17:00:00;2933
e2aef294-794c-4674-9509-6c15225543af;101;Parque Corredor;2023-11-29;17:00:00;18:00:00;3659
e2aef294-794c-4674-9509-6c15225543af;101;Parque Corredor;2023-11-29;18:00:00;19:00:00;4300
e2aef294-794c-4674-9509-6c15225543af;101;Parque Corredor;2023-11-29;19:00:00;20:00:00;4237
e2aef294-794c-4674-9509-6c15225543af;101;Parque Corredor;2023-11-29;20:00:00;21:00:00;3452
e2aef294-794c-4674-9509-6c15225543af;101;Parque Corredor;2023-11-29;21:00:00;22:00:00;1868
e2aef294-794c-4674-9509-6c15225543af;101;Parque Corredor;2023-11-30;10:00:00;11:00:00;2496
e2aef294-794c-4674-9509-6c15225543af;101;Parque Corredor;2023-11-30;11:00:00;12:00:00;3206
e2aef294-794c-4674-9509-6c15225543af;101;Parque Corredor;2023-11-30;12:00:00;13:00:00;3593
e2aef294-794c-4674-9509-6c15225543af;101;Parque Corredor;2023-11-30;13:00:00;14:00:00;3370
e2aef294-794c-4674-9509-6c15225543af;101;Parque Corredor;2023-11-30;14:00:00;15:00:00;2675
e2aef294-794c-4674-9509-6c15225543af;101;Parque Corredor;2023-11-30;15:00:00;16:00:00;2758
e2aef294-794c-4674-9509-6c15225543af;101;Parque Corredor;2023-11-30;16:00:00;17:00:00;3117
e2aef294-794c-4674-9509-6c15225543af;101;Parque Corredor;2023-11-30;17:00:00;18:00:00;3152
e2aef294-794c-4674-9509-6c15225543af;101;Parque Corredor;2023-11-30;18:00:00;19:00:00;3246
e2aef294-794c-4674-9509-6c15225543af;101;Parque Corredor;2023-11-30;19:00:00;20:00:00;3645
e2aef294-794c-4674-9509-6c15225543af;101;Parque Corredor;2023-11-30;20:00:00;21:00:00;3303
e2aef294-794c-4674-9509-6c15225543af;101;Parque Corredor;2023-11-30;21:00:00;22:00:00;2043
e2aef294-794c-4674-9509-6c15225543af;101;Parque Corredor;2023-12-01;10:00:00;11:00:00;2559
e2aef294-794c-4674-9509-6c15225543af;101;Parque Corredor;2023-12-01;11:00:00;12:00:00;3280
e2aef294-794c-4674-9509-6c15225543af;101;Parque Corredor;2023-12-01;12:00:00;13:00:00;3863
e2aef294-794c-4674-9509-6c15225543af;101;Parque Corredor;2023-12-01;13:00:00;14:00:00;3541
e2aef294-794c-4674-9509-6c15225543af;101;Parque Corredor;2023-12-01;14:00:00;15:00:00;2722
e2aef294-794c-4674-9509-6c15225543af;101;Parque Corredor;2023-12-01;15:00:00;16:00:00;2690
e2aef294-794c-4674-9509-6c15225543af;101;Parque Corredor;2023-12-01;16:00:00;17:00:00;3403
e2aef294-794c-4674-9509-6c15225543af;101;Parque Corredor;2023-12-01;17:00:00;18:00:00;4017
e2aef294-794c-4674-9509-6c15225543af;101;Parque Corredor;2023-12-01;18:00:00;19:00:00;4880
e2aef294-794c-4674-9509-6c15225543af;101;Parque Corredor;2023-12-01;19:00:00;20:00:00;5864
e2aef294-794c-4674-9509-6c15225543af;101;Parque Corredor;2023-12-01;20:00:00;21:00:00;5655
e2aef294-794c-4674-9509-6c15225543af;101;Parque Corredor;2023-12-01;21:00:00;22:00:00;3638
e2aef294-794c-4674-9509-6c15225543af;101;Parque Corredor;2023-12-02;10:00:00;11:00:00;2968
e2aef294-794c-4674-9509-6c15225543af;101;Parque Corredor;2023-12-02;11:00:00;12:00:00;4658
e2aef294-794c-4674-9509-6c15225543af;101;Parque Corredor;2023-12-02;12:00:00;13:00:00;5760
e2aef294-794c-4674-9509-6c15225543af;101;Parque Corredor;2023-12-02;13:00:00;14:00:00;6276
e2aef294-794c-4674-9509-6c15225543af;101;Parque Corredor;2023-12-02;14:00:00;15:00:00;5778
e2aef294-794c-4674-9509-6c15225543af;101;Parque Corredor;2023-12-02;15:00:00;16:00:00;5570
e2aef294-794c-4674-9509-6c15225543af;101;Parque Corredor;2023-12-02;16:00:00;17:00:00;5907
e2aef294-794c-4674-9509-6c15225543af;101;Parque Corredor;2023-12-02;17:00:00;18:00:00;6606
e2aef294-794c-4674-9509-6c15225543af;101;Parque Corredor;2023-12-02;18:00:00;19:00:00;7524
e2aef294-794c-4674-9509-6c15225543af;101;Parque Corredor;2023-12-02;19:00:00;20:00:00;7773
e2aef294-794c-4674-9509-6c15225543af;101;Parque Corredor;2023-12-02;20:00:00;21:00:00;6401
e2aef294-794c-4674-9509-6c15225543af;101;Parque Corredor;2023-12-02;21:00:00;22:00:00;4343
e2aef294-794c-4674-9509-6c15225543af;101;Parque Corredor;2023-12-03;10:00:00;11:00:00;2259
e2aef294-794c-4674-9509-6c15225543af;101;Parque Corredor;2023-12-03;11:00:00;12:00:00;3935
e2aef294-794c-4674-9509-6c15225543af;101;Parque Corredor;2023-12-03;12:00:00;13:00:00;5643
e2aef294-794c-4674-9509-6c15225543af;101;Parque Corredor;2023-12-03;13:00:00;14:00:00;6095
e2aef294-794c-4674-9509-6c15225543af;101;Parque Corredor;2023-12-03;14:00:00;15:00:00;5537
e2aef294-794c-4674-9509-6c15225543af;101;Parque Corredor;2023-12-03;15:00:00;16:00:00;5342
e2aef294-794c-4674-9509-6c15225543af;101;Parque Corredor;2023-12-03;16:00:00;17:00:00;5523
e2aef294-794c-4674-9509-6c15225543af;101;Parque Corredor;2023-12-03;17:00:00;18:00:00;6618
e2aef294-794c-4674-9509-6c15225543af;101;Parque Corredor;2023-12-03;18:00:00;19:00:00;6992
e2aef294-794c-4674-9509-6c15225543af;101;Parque Corredor;2023-12-03;19:00:00;20:00:00;6231
e2aef294-794c-4674-9509-6c15225543af;101;Parque Corredor;2023-12-03;20:00:00;21:00:00;4215
e2aef294-794c-4674-9509-6c15225543af;101;Parque Corredor;2023-12-03;21:00:00;22:00:00;1974
d96a47c5-f5e7-4a23-8d55-f9ff344613f6;38;Plaza Aluche;2023-11-27;10:00:00;11:00:00;2047
d96a47c5-f5e7-4a23-8d55-f9ff344613f6;38;Plaza Aluche;2023-11-27;11:00:00;12:00:00;2345
d96a47c5-f5e7-4a23-8d55-f9ff344613f6;38;Plaza Aluche;2023-11-27;12:00:00;13:00:00;2344
d96a47c5-f5e7-4a23-8d55-f9ff344613f6;38;Plaza Aluche;2023-11-27;13:00:00;14:00:00;2270
d96a47c5-f5e7-4a23-8d55-f9ff344613f6;38;Plaza Aluche;2023-11-27;14:00:00;15:00:00;2295
d96a47c5-f5e7-4a23-8d55-f9ff344613f6;38;Plaza Aluche;2023-11-27;15:00:00;16:00:00;2215
d96a47c5-f5e7-4a23-8d55-f9ff344613f6;38;Plaza Aluche;2023-11-27;16:00:00;17:00:00;2222
d96a47c5-f5e7-4a23-8d55-f9ff344613f6;38;Plaza Aluche;2023-11-27;17:00:00;18:00:00;2666
d96a47c5-f5e7-4a23-8d55-f9ff344613f6;38;Plaza Aluche;2023-11-27;18:00:00;19:00:00;3117
d96a47c5-f5e7-4a23-8d55-f9ff344613f6;38;Plaza Aluche;2023-11-27;19:00:00;20:00:00;2782
d96a47c5-f5e7-4a23-8d55-f9ff344613f6;38;Plaza Aluche;2023-11-27;20:00:00;21:00:00;2589
d96a47c5-f5e7-4a23-8d55-f9ff344613f6;38;Plaza Aluche;2023-11-27;21:00:00;22:00:00;2377
d96a47c5-f5e7-4a23-8d55-f9ff344613f6;38;Plaza Aluche;2023-11-28;10:00:00;11:00:00;1991
d96a47c5-f5e7-4a23-8d55-f9ff344613f6;38;Plaza Aluche;2023-11-28;11:00:00;12:00:00;2389
d96a47c5-f5e7-4a23-8d55-f9ff344613f6;38;Plaza Aluche;2023-11-28;12:00:00;13:00:00;2409
d96a47c5-f5e7-4a23-8d55-f9ff344613f6;38;Plaza Aluche;2023-11-28;13:00:00;14:00:00;2402
d96a47c5-f5e7-4a23-8d55-f9ff344613f6;38;Plaza Aluche;2023-11-28;14:00:00;15:00:00;2485
d96a47c5-f5e7-4a23-8d55-f9ff344613f6;38;Plaza Aluche;2023-11-28;15:00:00;16:00:00;2333
d96a47c5-f5e7-4a23-8d55-f9ff344613f6;38;Plaza Aluche;2023-11-28;16:00:00;17:00:00;2199
d96a47c5-f5e7-4a23-8d55-f9ff344613f6;38;Plaza Aluche;2023-11-28;17:00:00;18:00:00;2526
d96a47c5-f5e7-4a23-8d55-f9ff344613f6;38;Plaza Aluche;2023-11-28;18:00:00;19:00:00;2737
d96a47c5-f5e7-4a23-8d55-f9ff344613f6;38;Plaza Aluche;2023-11-28;19:00:00;20:00:00;2960
d96a47c5-f5e7-4a23-8d55-f9ff344613f6;38;Plaza Aluche;2023-11-28;20:00:00;21:00:00;2897
d96a47c5-f5e7-4a23-8d55-f9ff344613f6;38;Plaza Aluche;2023-11-28;21:00:00;22:00:00;2406
d96a47c5-f5e7-4a23-8d55-f9ff344613f6;38;Plaza Aluche;2023-11-29;10:00:00;11:00:00;1926
d96a47c5-f5e7-4a23-8d55-f9ff344613f6;38;Plaza Aluche;2023-11-29;11:00:00;12:00:00;2167
d96a47c5-f5e7-4a23-8d55-f9ff344613f6;38;Plaza Aluche;2023-11-29;12:00:00;13:00:00;2204
d96a47c5-f5e7-4a23-8d55-f9ff344613f6;38;Plaza Aluche;2023-11-29;13:00:00;14:00:00;2288
d96a47c5-f5e7-4a23-8d55-f9ff344613f6;38;Plaza Aluche;2023-11-29;14:00:00;15:00:00;2181
d96a47c5-f5e7-4a23-8d55-f9ff344613f6;38;Plaza Aluche;2023-11-29;15:00:00;16:00:00;2250
d96a47c5-f5e7-4a23-8d55-f9ff344613f6;38;Plaza Aluche;2023-11-29;16:00:00;17:00:00;2264
d96a47c5-f5e7-4a23-8d55-f9ff344613f6;38;Plaza Aluche;2023-11-29;17:00:00;18:00:00;2673
d96a47c5-f5e7-4a23-8d55-f9ff344613f6;38;Plaza Aluche;2023-11-29;18:00:00;19:00:00;3143
d96a47c5-f5e7-4a23-8d55-f9ff344613f6;38;Plaza Aluche;2023-11-29;19:00:00;20:00:00;2951
d96a47c5-f5e7-4a23-8d55-f9ff344613f6;38;Plaza Aluche;2023-11-29;20:00:00;21:00:00;2699
d96a47c5-f5e7-4a23-8d55-f9ff344613f6;38;Plaza Aluche;2023-11-29;21:00:00;22:00:00;2470
d96a47c5-f5e7-4a23-8d55-f9ff344613f6;38;Plaza Aluche;2023-11-30;10:00:00;11:00:00;1936
d96a47c5-f5e7-4a23-8d55-f9ff344613f6;38;Plaza Aluche;2023-11-30;11:00:00;12:00:00;2312
d96a47c5-f5e7-4a23-8d55-f9ff344613f6;38;Plaza Aluche;2023-11-30;12:00:00;13:00:00;2243
d96a47c5-f5e7-4a23-8d55-f9ff344613f6;38;Plaza Aluche;2023-11-30;13:00:00;14:00:00;2031
d96a47c5-f5e7-4a23-8d55-f9ff344613f6;38;Plaza Aluche;2023-11-30;14:00:00;15:00:00;2181
d96a47c5-f5e7-4a23-8d55-f9ff344613f6;38;Plaza Aluche;2023-11-30;15:00:00;16:00:00;2114
d96a47c5-f5e7-4a23-8d55-f9ff344613f6;38;Plaza Aluche;2023-11-30;16:00:00;17:00:00;2072
d96a47c5-f5e7-4a23-8d55-f9ff344613f6;38;Plaza Aluche;2023-11-30;17:00:00;18:00:00;2246
d96a47c5-f5e7-4a23-8d55-f9ff344613f6;38;Plaza Aluche;2023-11-30;18:00:00;19:00:00;2409
d96a47c5-f5e7-4a23-8d55-f9ff344613f6;38;Plaza Aluche;2023-11-30;19:00:00;20:00:00;2404
d96a47c5-f5e7-4a23-8d55-f9ff344613f6;38;Plaza Aluche;2023-11-30;20:00:00;21:00:00;2347
d96a47c5-f5e7-4a23-8d55-f9ff344613f6;38;Plaza Aluche;2023-11-30;21:00:00;22:00:00;2257
d96a47c5-f5e7-4a23-8d55-f9ff344613f6;38;Plaza Aluche;2023-12-01;10:00:00;11:00:00;1864
d96a47c5-f5e7-4a23-8d55-f9ff344613f6;38;Plaza Aluche;2023-12-01;11:00:00;12:00:00;2221
d96a47c5-f5e7-4a23-8d55-f9ff344613f6;38;Plaza Aluche;2023-12-01;12:00:00;13:00:00;2257
d96a47c5-f5e7-4a23-8d55-f9ff344613f6;38;Plaza Aluche;2023-12-01;13:00:00;14:00:00;2231
d96a47c5-f5e7-4a23-8d55-f9ff344613f6;38;Plaza Aluche;2023-12-01;14:00:00;15:00:00;2353
d96a47c5-f5e7-4a23-8d55-f9ff344613f6;38;Plaza Aluche;2023-12-01;15:00:00;16:00:00;2165
d96a47c5-f5e7-4a23-8d55-f9ff344613f6;38;Plaza Aluche;2023-12-01;16:00:00;17:00:00;2349
d96a47c5-f5e7-4a23-8d55-f9ff344613f6;38;Plaza Aluche;2023-12-01;17:00:00;18:00:00;2928
d96a47c5-f5e7-4a23-8d55-f9ff344613f6;38;Plaza Aluche;2023-12-01;18:00:00;19:00:00;3058
d96a47c5-f5e7-4a23-8d55-f9ff344613f6;38;Plaza Aluche;2023-12-01;19:00:00;20:00:00;3006
d96a47c5-f5e7-4a23-8d55-f9ff344613f6;38;Plaza Aluche;2023-12-01;20:00:00;21:00:00;2736
d96a47c5-f5e7-4a23-8d55-f9ff344613f6;38;Plaza Aluche;2023-12-01;21:00:00;22:00:00;2361
d96a47c5-f5e7-4a23-8d55-f9ff344613f6;38;Plaza Aluche;2023-12-02;10:00:00;11:00:00;3238
d96a47c5-f5e7-4a23-8d55-f9ff344613f6;38;Plaza Aluche;2023-12-02;11:00:00;12:00:00;3605
d96a47c5-f5e7-4a23-8d55-f9ff344613f6;38;Plaza Aluche;2023-12-02;12:00:00;13:00:00;3783
d96a47c5-f5e7-4a23-8d55-f9ff344613f6;38;Plaza Aluche;2023-12-02;13:00:00;14:00:00;3832
d96a47c5-f5e7-4a23-8d55-f9ff344613f6;38;Plaza Aluche;2023-12-02;14:00:00;15:00:00;3287
d96a47c5-f5e7-4a23-8d55-f9ff344613f6;38;Plaza Aluche;2023-12-02;15:00:00;16:00:00;2842
d96a47c5-f5e7-4a23-8d55-f9ff344613f6;38;Plaza Aluche;2023-12-02;16:00:00;17:00:00;2629
d96a47c5-f5e7-4a23-8d55-f9ff344613f6;38;Plaza Aluche;2023-12-02;17:00:00;18:00:00;2850
d96a47c5-f5e7-4a23-8d55-f9ff344613f6;38;Plaza Aluche;2023-12-02;18:00:00;19:00:00;2997
d96a47c5-f5e7-4a23-8d55-f9ff344613f6;38;Plaza Aluche;2023-12-02;19:00:00;20:00:00;2760
d96a47c5-f5e7-4a23-8d55-f9ff344613f6;38;Plaza Aluche;2023-12-02;20:00:00;21:00:00;2716
d96a47c5-f5e7-4a23-8d55-f9ff344613f6;38;Plaza Aluche;2023-12-02;21:00:00;22:00:00;2434
d96a47c5-f5e7-4a23-8d55-f9ff344613f6;38;Plaza Aluche;2023-12-03;10:00:00;11:00:00;2370
d96a47c5-f5e7-4a23-8d55-f9ff344613f6;38;Plaza Aluche;2023-12-03;11:00:00;12:00:00;2999
d96a47c5-f5e7-4a23-8d55-f9ff344613f6;38;Plaza Aluche;2023-12-03;12:00:00;13:00:00;3215
d96a47c5-f5e7-4a23-8d55-f9ff344613f6;38;Plaza Aluche;2023-12-03;13:00:00;14:00:00;3366
d96a47c5-f5e7-4a23-8d55-f9ff344613f6;38;Plaza Aluche;2023-12-03;14:00:00;15:00:00;3254
d96a47c5-f5e7-4a23-8d55-f9ff344613f6;38;Plaza Aluche;2023-12-03;15:00:00;16:00:00;2694
d96a47c5-f5e7-4a23-8d55-f9ff344613f6;38;Plaza Aluche;2023-12-03;16:00:00;17:00:00;2724
d96a47c5-f5e7-4a23-8d55-f9ff344613f6;38;Plaza Aluche;2023-12-03;17:00:00;18:00:00;2958
d96a47c5-f5e7-4a23-8d55-f9ff344613f6;38;Plaza Aluche;2023-12-03;18:00:00;19:00:00;3088
d96a47c5-f5e7-4a23-8d55-f9ff344613f6;38;Plaza Aluche;2023-12-03;19:00:00;20:00:00;3058
d96a47c5-f5e7-4a23-8d55-f9ff344613f6;38;Plaza Aluche;2023-12-03;20:00:00;21:00:00;2776
d96a47c5-f5e7-4a23-8d55-f9ff344613f6;38;Plaza Aluche;2023-12-03;21:00:00;22:00:00;2590
2560337e-ad93-46bc-a944-73428173bc69;63;Plaza Loranca 2;2023-11-27;10:00:00;11:00:00;2079
2560337e-ad93-46bc-a944-73428173bc69;63;Plaza Loranca 2;2023-11-27;11:00:00;12:00:00;2497
2560337e-ad93-46bc-a944-73428173bc69;63;Plaza Loranca 2;2023-11-27;12:00:00;13:00:00;2663
2560337e-ad93-46bc-a944-73428173bc69;63;Plaza Loranca 2;2023-11-27;13:00:00;14:00:00;2359
2560337e-ad93-46bc-a944-73428173bc69;63;Plaza Loranca 2;2023-11-27;14:00:00;15:00:00;2757
2560337e-ad93-46bc-a944-73428173bc69;63;Plaza Loranca 2;2023-11-27;15:00:00;16:00:00;2788
2560337e-ad93-46bc-a944-73428173bc69;63;Plaza Loranca 2;2023-11-27;16:00:00;17:00:00;2736
2560337e-ad93-46bc-a944-73428173bc69;63;Plaza Loranca 2;2023-11-27;17:00:00;18:00:00;2725
2560337e-ad93-46bc-a944-73428173bc69;63;Plaza Loranca 2;2023-11-27;18:00:00;19:00:00;3218
2560337e-ad93-46bc-a944-73428173bc69;63;Plaza Loranca 2;2023-11-27;19:00:00;20:00:00;2985
2560337e-ad93-46bc-a944-73428173bc69;63;Plaza Loranca 2;2023-11-27;20:00:00;21:00:00;2784
2560337e-ad93-46bc-a944-73428173bc69;63;Plaza Loranca 2;2023-11-27;21:00:00;22:00:00;2929
2560337e-ad93-46bc-a944-73428173bc69;63;Plaza Loranca 2;2023-11-28;10:00:00;11:00:00;1936
2560337e-ad93-46bc-a944-73428173bc69;63;Plaza Loranca 2;2023-11-28;11:00:00;12:00:00;2295
2560337e-ad93-46bc-a944-73428173bc69;63;Plaza Loranca 2;2023-11-28;12:00:00;13:00:00;2141
2560337e-ad93-46bc-a944-73428173bc69;63;Plaza Loranca 2;2023-11-28;13:00:00;14:00:00;1842
2560337e-ad93-46bc-a944-73428173bc69;63;Plaza Loranca 2;2023-11-28;14:00:00;15:00:00;2564
2560337e-ad93-46bc-a944-73428173bc69;63;Plaza Loranca 2;2023-11-28;15:00:00;16:00:00;2570
2560337e-ad93-46bc-a944-73428173bc69;63;Plaza Loranca 2;2023-11-28;16:00:00;17:00:00;2463
2560337e-ad93-46bc-a944-73428173bc69;63;Plaza Loranca 2;2023-11-28;17:00:00;18:00:00;2335
2560337e-ad93-46bc-a944-73428173bc69;63;Plaza Loranca 2;2023-11-28;18:00:00;19:00:00;2941
2560337e-ad93-46bc-a944-73428173bc69;63;Plaza Loranca 2;2023-11-28;19:00:00;20:00:00;3146
2560337e-ad93-46bc-a944-73428173bc69;63;Plaza Loranca 2;2023-11-28;20:00:00;21:00:00;2854
2560337e-ad93-46bc-a944-73428173bc69;63;Plaza Loranca 2;2023-11-28;21:00:00;22:00:00;3121
2560337e-ad93-46bc-a944-73428173bc69;63;Plaza Loranca 2;2023-11-29;10:00:00;11:00:00;1891
2560337e-ad93-46bc-a944-73428173bc69;63;Plaza Loranca 2;2023-11-29;11:00:00;12:00:00;2229
2560337e-ad93-46bc-a944-73428173bc69;63;Plaza Loranca 2;2023-11-29;12:00:00;13:00:00;2112
2560337e-ad93-46bc-a944-73428173bc69;63;Plaza Loranca 2;2023-11-29;13:00:00;14:00:00;2083
2560337e-ad93-46bc-a944-73428173bc69;63;Plaza Loranca 2;2023-11-29;14:00:00;15:00:00;2343
2560337e-ad93-46bc-a944-73428173bc69;63;Plaza Loranca 2;2023-11-29;15:00:00;16:00:00;2412
2560337e-ad93-46bc-a944-73428173bc69;63;Plaza Loranca 2;2023-11-29;16:00:00;17:00:00;2426
2560337e-ad93-46bc-a944-73428173bc69;63;Plaza Loranca 2;2023-11-29;17:00:00;18:00:00;2492
2560337e-ad93-46bc-a944-73428173bc69;63;Plaza Loranca 2;2023-11-29;18:00:00;19:00:00;3061
2560337e-ad93-46bc-a944-73428173bc69;63;Plaza Loranca 2;2023-11-29;19:00:00;20:00:00;3250
2560337e-ad93-46bc-a944-73428173bc69;63;Plaza Loranca 2;2023-11-29;20:00:00;21:00:00;2696
2560337e-ad93-46bc-a944-73428173bc69;63;Plaza Loranca 2;2023-11-29;21:00:00;22:00:00;2810
2560337e-ad93-46bc-a944-73428173bc69;63;Plaza Loranca 2;2023-11-30;10:00:00;11:00:00;2002
2560337e-ad93-46bc-a944-73428173bc69;63;Plaza Loranca 2;2023-11-30;11:00:00;12:00:00;2280
2560337e-ad93-46bc-a944-73428173bc69;63;Plaza Loranca 2;2023-11-30;12:00:00;13:00:00;2240
2560337e-ad93-46bc-a944-73428173bc69;63;Plaza Loranca 2;2023-11-30;13:00:00;14:00:00;2241
2560337e-ad93-46bc-a944-73428173bc69;63;Plaza Loranca 2;2023-11-30;14:00:00;15:00:00;2677
2560337e-ad93-46bc-a944-73428173bc69;63;Plaza Loranca 2;2023-11-30;15:00:00;16:00:00;2699
2560337e-ad93-46bc-a944-73428173bc69;63;Plaza Loranca 2;2023-11-30;16:00:00;17:00:00;2599
2560337e-ad93-46bc-a944-73428173bc69;63;Plaza Loranca 2;2023-11-30;17:00:00;18:00:00;2501
2560337e-ad93-46bc-a944-73428173bc69;63;Plaza Loranca 2;2023-11-30;18:00:00;19:00:00;2931
2560337e-ad93-46bc-a944-73428173bc69;63;Plaza Loranca 2;2023-11-30;19:00:00;20:00:00;2991
2560337e-ad93-46bc-a944-73428173bc69;63;Plaza Loranca 2;2023-11-30;20:00:00;21:00:00;2766
2560337e-ad93-46bc-a944-73428173bc69;63;Plaza Loranca 2;2023-11-30;21:00:00;22:00:00;3026
2560337e-ad93-46bc-a944-73428173bc69;63;Plaza Loranca 2;2023-12-01;10:00:00;11:00:00;2140
2560337e-ad93-46bc-a944-73428173bc69;63;Plaza Loranca 2;2023-12-01;11:00:00;12:00:00;2587
2560337e-ad93-46bc-a944-73428173bc69;63;Plaza Loranca 2;2023-12-01;12:00:00;13:00:00;2524
2560337e-ad93-46bc-a944-73428173bc69;63;Plaza Loranca 2;2023-12-01;13:00:00;14:00:00;2496
2560337e-ad93-46bc-a944-73428173bc69;63;Plaza Loranca 2;2023-12-01;14:00:00;15:00:00;2575
2560337e-ad93-46bc-a944-73428173bc69;63;Plaza Loranca 2;2023-12-01;15:00:00;16:00:00;2482
2560337e-ad93-46bc-a944-73428173bc69;63;Plaza Loranca 2;2023-12-01;16:00:00;17:00:00;2635
2560337e-ad93-46bc-a944-73428173bc69;63;Plaza Loranca 2;2023-12-01;17:00:00;18:00:00;2859
2560337e-ad93-46bc-a944-73428173bc69;63;Plaza Loranca 2;2023-12-01;18:00:00;19:00:00;4068
2560337e-ad93-46bc-a944-73428173bc69;63;Plaza Loranca 2;2023-12-01;19:00:00;20:00:00;4432
2560337e-ad93-46bc-a944-73428173bc69;63;Plaza Loranca 2;2023-12-01;20:00:00;21:00:00;4427
2560337e-ad93-46bc-a944-73428173bc69;63;Plaza Loranca 2;2023-12-01;21:00:00;22:00:00;3673
2560337e-ad93-46bc-a944-73428173bc69;63;Plaza Loranca 2;2023-12-02;10:00:00;11:00:00;2523
2560337e-ad93-46bc-a944-73428173bc69;63;Plaza Loranca 2;2023-12-02;11:00:00;12:00:00;3465
2560337e-ad93-46bc-a944-73428173bc69;63;Plaza Loranca 2;2023-12-02;12:00:00;13:00:00;4004
2560337e-ad93-46bc-a944-73428173bc69;63;Plaza Loranca 2;2023-12-02;13:00:00;14:00:00;4018
2560337e-ad93-46bc-a944-73428173bc69;63;Plaza Loranca 2;2023-12-02;14:00:00;15:00:00;3394
2560337e-ad93-46bc-a944-73428173bc69;63;Plaza Loranca 2;2023-12-02;15:00:00;16:00:00;2779
2560337e-ad93-46bc-a944-73428173bc69;63;Plaza Loranca 2;2023-12-02;16:00:00;17:00:00;2957
2560337e-ad93-46bc-a944-73428173bc69;63;Plaza Loranca 2;2023-12-02;17:00:00;18:00:00;3448
2560337e-ad93-46bc-a944-73428173bc69;63;Plaza Loranca 2;2023-12-02;18:00:00;19:00:00;4050
2560337e-ad93-46bc-a944-73428173bc69;63;Plaza Loranca 2;2023-12-02;19:00:00;20:00:00;4421
2560337e-ad93-46bc-a944-73428173bc69;63;Plaza Loranca 2;2023-12-02;20:00:00;21:00:00;4322
2560337e-ad93-46bc-a944-73428173bc69;63;Plaza Loranca 2;2023-12-02;21:00:00;22:00:00;3748
2560337e-ad93-46bc-a944-73428173bc69;63;Plaza Loranca 2;2023-12-03;10:00:00;11:00:00;3154
2560337e-ad93-46bc-a944-73428173bc69;63;Plaza Loranca 2;2023-12-03;11:00:00;12:00:00;4665
2560337e-ad93-46bc-a944-73428173bc69;63;Plaza Loranca 2;2023-12-03;12:00:00;13:00:00;6316
2560337e-ad93-46bc-a944-73428173bc69;63;Plaza Loranca 2;2023-12-03;13:00:00;14:00:00;6251
2560337e-ad93-46bc-a944-73428173bc69;63;Plaza Loranca 2;2023-12-03;14:00:00;15:00:00;4842
2560337e-ad93-46bc-a944-73428173bc69;63;Plaza Loranca 2;2023-12-03;15:00:00;16:00:00;3556
2560337e-ad93-46bc-a944-73428173bc69;63;Plaza Loranca 2;2023-12-03;16:00:00;17:00:00;3479
2560337e-ad93-46bc-a944-73428173bc69;63;Plaza Loranca 2;2023-12-03;17:00:00;18:00:00;3781
2560337e-ad93-46bc-a944-73428173bc69;63;Plaza Loranca 2;2023-12-03;18:00:00;19:00:00;4545
2560337e-ad93-46bc-a944-73428173bc69;63;Plaza Loranca 2;2023-12-03;19:00:00;20:00:00;4245
2560337e-ad93-46bc-a944-73428173bc69;63;Plaza Loranca 2;2023-12-03;20:00:00;21:00:00;3836
2560337e-ad93-46bc-a944-73428173bc69;63;Plaza Loranca 2;2023-12-03;21:00:00;22:00:00;3580
fe152407-9e68-4ccb-8dcc-0032f6d68c1a;40;Plaza Mayor;2023-11-27;10:00:00;11:00:00;1352
fe152407-9e68-4ccb-8dcc-0032f6d68c1a;40;Plaza Mayor;2023-11-27;11:00:00;12:00:00;1573
fe152407-9e68-4ccb-8dcc-0032f6d68c1a;40;Plaza Mayor;2023-11-27;12:00:00;13:00:00;2083
fe152407-9e68-4ccb-8dcc-0032f6d68c1a;40;Plaza Mayor;2023-11-27;13:00:00;14:00:00;2382
fe152407-9e68-4ccb-8dcc-0032f6d68c1a;40;Plaza Mayor;2023-11-27;14:00:00;15:00:00;2329
fe152407-9e68-4ccb-8dcc-0032f6d68c1a;40;Plaza Mayor;2023-11-27;15:00:00;16:00:00;1154
fe152407-9e68-4ccb-8dcc-0032f6d68c1a;40;Plaza Mayor;2023-11-27;16:00:00;17:00:00;979
fe152407-9e68-4ccb-8dcc-0032f6d68c1a;40;Plaza Mayor;2023-11-27;17:00:00;18:00:00;2328
fe152407-9e68-4ccb-8dcc-0032f6d68c1a;40;Plaza Mayor;2023-11-27;18:00:00;19:00:00;3138
fe152407-9e68-4ccb-8dcc-0032f6d68c1a;40;Plaza Mayor;2023-11-27;19:00:00;20:00:00;3209
fe152407-9e68-4ccb-8dcc-0032f6d68c1a;40;Plaza Mayor;2023-11-27;20:00:00;21:00:00;2814
fe152407-9e68-4ccb-8dcc-0032f6d68c1a;40;Plaza Mayor;2023-11-27;21:00:00;22:00:00;1898
fe152407-9e68-4ccb-8dcc-0032f6d68c1a;40;Plaza Mayor;2023-11-28;10:00:00;11:00:00;1210
fe152407-9e68-4ccb-8dcc-0032f6d68c1a;40;Plaza Mayor;2023-11-28;11:00:00;12:00:00;1813
fe152407-9e68-4ccb-8dcc-0032f6d68c1a;40;Plaza Mayor;2023-11-28;12:00:00;13:00:00;2194
fe152407-9e68-4ccb-8dcc-0032f6d68c1a;40;Plaza Mayor;2023-11-28;13:00:00;14:00:00;2691
fe152407-9e68-4ccb-8dcc-0032f6d68c1a;40;Plaza Mayor;2023-11-28;14:00:00;15:00:00;2571
fe152407-9e68-4ccb-8dcc-0032f6d68c1a;40;Plaza Mayor;2023-11-28;15:00:00;16:00:00;2553
fe152407-9e68-4ccb-8dcc-0032f6d68c1a;40;Plaza Mayor;2023-11-28;16:00:00;17:00:00;2323
fe152407-9e68-4ccb-8dcc-0032f6d68c1a;40;Plaza Mayor;2023-11-28;17:00:00;18:00:00;2511
fe152407-9e68-4ccb-8dcc-0032f6d68c1a;40;Plaza Mayor;2023-11-28;18:00:00;19:00:00;2750
fe152407-9e68-4ccb-8dcc-0032f6d68c1a;40;Plaza Mayor;2023-11-28;19:00:00;20:00:00;2739
fe152407-9e68-4ccb-8dcc-0032f6d68c1a;40;Plaza Mayor;2023-11-28;20:00:00;21:00:00;2085
fe152407-9e68-4ccb-8dcc-0032f6d68c1a;40;Plaza Mayor;2023-11-28;21:00:00;22:00:00;1390
fe152407-9e68-4ccb-8dcc-0032f6d68c1a;40;Plaza Mayor;2023-11-29;10:00:00;11:00:00;1247
fe152407-9e68-4ccb-8dcc-0032f6d68c1a;40;Plaza Mayor;2023-11-29;11:00:00;12:00:00;1808
fe152407-9e68-4ccb-8dcc-0032f6d68c1a;40;Plaza Mayor;2023-11-29;12:00:00;13:00:00;1827
fe152407-9e68-4ccb-8dcc-0032f6d68c1a;40;Plaza Mayor;2023-11-29;13:00:00;14:00:00;1290
fe152407-9e68-4ccb-8dcc-0032f6d68c1a;40;Plaza Mayor;2023-11-29;14:00:00;15:00:00;1294
fe152407-9e68-4ccb-8dcc-0032f6d68c1a;40;Plaza Mayor;2023-11-29;15:00:00;16:00:00;2138
fe152407-9e68-4ccb-8dcc-0032f6d68c1a;40;Plaza Mayor;2023-11-29;16:00:00;17:00:00;2438
fe152407-9e68-4ccb-8dcc-0032f6d68c1a;40;Plaza Mayor;2023-11-29;17:00:00;18:00:00;2683
fe152407-9e68-4ccb-8dcc-0032f6d68c1a;40;Plaza Mayor;2023-11-29;18:00:00;19:00:00;3057
fe152407-9e68-4ccb-8dcc-0032f6d68c1a;40;Plaza Mayor;2023-11-29;19:00:00;20:00:00;3580
fe152407-9e68-4ccb-8dcc-0032f6d68c1a;40;Plaza Mayor;2023-11-29;20:00:00;21:00:00;3108
fe152407-9e68-4ccb-8dcc-0032f6d68c1a;40;Plaza Mayor;2023-11-29;21:00:00;22:00:00;2316
fe152407-9e68-4ccb-8dcc-0032f6d68c1a;40;Plaza Mayor;2023-11-30;10:00:00;11:00:00;844
fe152407-9e68-4ccb-8dcc-0032f6d68c1a;40;Plaza Mayor;2023-11-30;11:00:00;12:00:00;825
fe152407-9e68-4ccb-8dcc-0032f6d68c1a;40;Plaza Mayor;2023-11-30;12:00:00;13:00:00;964
fe152407-9e68-4ccb-8dcc-0032f6d68c1a;40;Plaza Mayor;2023-11-30;13:00:00;14:00:00;1201
fe152407-9e68-4ccb-8dcc-0032f6d68c1a;40;Plaza Mayor;2023-11-30;14:00:00;15:00:00;1298
fe152407-9e68-4ccb-8dcc-0032f6d68c1a;40;Plaza Mayor;2023-11-30;15:00:00;16:00:00;1010
fe152407-9e68-4ccb-8dcc-0032f6d68c1a;40;Plaza Mayor;2023-11-30;16:00:00;17:00:00;921
fe152407-9e68-4ccb-8dcc-0032f6d68c1a;40;Plaza Mayor;2023-11-30;17:00:00;18:00:00;1045
fe152407-9e68-4ccb-8dcc-0032f6d68c1a;40;Plaza Mayor;2023-11-30;18:00:00;19:00:00;1978
fe152407-9e68-4ccb-8dcc-0032f6d68c1a;40;Plaza Mayor;2023-11-30;19:00:00;20:00:00;2532
fe152407-9e68-4ccb-8dcc-0032f6d68c1a;40;Plaza Mayor;2023-11-30;20:00:00;21:00:00;2443
fe152407-9e68-4ccb-8dcc-0032f6d68c1a;40;Plaza Mayor;2023-11-30;21:00:00;22:00:00;2233
fe152407-9e68-4ccb-8dcc-0032f6d68c1a;40;Plaza Mayor;2023-12-01;10:00:00;11:00:00;1492
fe152407-9e68-4ccb-8dcc-0032f6d68c1a;40;Plaza Mayor;2023-12-01;11:00:00;12:00:00;1765
fe152407-9e68-4ccb-8dcc-0032f6d68c1a;40;Plaza Mayor;2023-12-01;12:00:00;13:00:00;2205
fe152407-9e68-4ccb-8dcc-0032f6d68c1a;40;Plaza Mayor;2023-12-01;13:00:00;14:00:00;2264
fe152407-9e68-4ccb-8dcc-0032f6d68c1a;40;Plaza Mayor;2023-12-01;14:00:00;15:00:00;2284
fe152407-9e68-4ccb-8dcc-0032f6d68c1a;40;Plaza Mayor;2023-12-01;15:00:00;16:00:00;2510
fe152407-9e68-4ccb-8dcc-0032f6d68c1a;40;Plaza Mayor;2023-12-01;16:00:00;17:00:00;2634
fe152407-9e68-4ccb-8dcc-0032f6d68c1a;40;Plaza Mayor;2023-12-01;17:00:00;18:00:00;2356
fe152407-9e68-4ccb-8dcc-0032f6d68c1a;40;Plaza Mayor;2023-12-01;18:00:00;19:00:00;2855
fe152407-9e68-4ccb-8dcc-0032f6d68c1a;40;Plaza Mayor;2023-12-01;19:00:00;20:00:00;3146
fe152407-9e68-4ccb-8dcc-0032f6d68c1a;40;Plaza Mayor;2023-12-01;20:00:00;21:00:00;3166
fe152407-9e68-4ccb-8dcc-0032f6d68c1a;40;Plaza Mayor;2023-12-01;21:00:00;22:00:00;2925
fe152407-9e68-4ccb-8dcc-0032f6d68c1a;40;Plaza Mayor;2023-12-02;10:00:00;11:00:00;1589
fe152407-9e68-4ccb-8dcc-0032f6d68c1a;40;Plaza Mayor;2023-12-02;11:00:00;12:00:00;2098
fe152407-9e68-4ccb-8dcc-0032f6d68c1a;40;Plaza Mayor;2023-12-02;12:00:00;13:00:00;3127
fe152407-9e68-4ccb-8dcc-0032f6d68c1a;40;Plaza Mayor;2023-12-02;13:00:00;14:00:00;4030
fe152407-9e68-4ccb-8dcc-0032f6d68c1a;40;Plaza Mayor;2023-12-02;14:00:00;15:00:00;5015
fe152407-9e68-4ccb-8dcc-0032f6d68c1a;40;Plaza Mayor;2023-12-02;15:00:00;16:00:00;5670
fe152407-9e68-4ccb-8dcc-0032f6d68c1a;40;Plaza Mayor;2023-12-02;16:00:00;17:00:00;5489
fe152407-9e68-4ccb-8dcc-0032f6d68c1a;40;Plaza Mayor;2023-12-02;17:00:00;18:00:00;4667
fe152407-9e68-4ccb-8dcc-0032f6d68c1a;40;Plaza Mayor;2023-12-02;18:00:00;19:00:00;4347
fe152407-9e68-4ccb-8dcc-0032f6d68c1a;40;Plaza Mayor;2023-12-02;19:00:00;20:00:00;4213
fe152407-9e68-4ccb-8dcc-0032f6d68c1a;40;Plaza Mayor;2023-12-02;20:00:00;21:00:00;4066
fe152407-9e68-4ccb-8dcc-0032f6d68c1a;40;Plaza Mayor;2023-12-02;21:00:00;22:00:00;4069
fe152407-9e68-4ccb-8dcc-0032f6d68c1a;40;Plaza Mayor;2023-12-03;10:00:00;11:00:00;1309
fe152407-9e68-4ccb-8dcc-0032f6d68c1a;40;Plaza Mayor;2023-12-03;11:00:00;12:00:00;1722
fe152407-9e68-4ccb-8dcc-0032f6d68c1a;40;Plaza Mayor;2023-12-03;12:00:00;13:00:00;2548
fe152407-9e68-4ccb-8dcc-0032f6d68c1a;40;Plaza Mayor;2023-12-03;13:00:00;14:00:00;3431
fe152407-9e68-4ccb-8dcc-0032f6d68c1a;40;Plaza Mayor;2023-12-03;14:00:00;15:00:00;4806
fe152407-9e68-4ccb-8dcc-0032f6d68c1a;40;Plaza Mayor;2023-12-03;15:00:00;16:00:00;5200
fe152407-9e68-4ccb-8dcc-0032f6d68c1a;40;Plaza Mayor;2023-12-03;16:00:00;17:00:00;4253
fe152407-9e68-4ccb-8dcc-0032f6d68c1a;40;Plaza Mayor;2023-12-03;17:00:00;18:00:00;3596
fe152407-9e68-4ccb-8dcc-0032f6d68c1a;40;Plaza Mayor;2023-12-03;18:00:00;19:00:00;3398
fe152407-9e68-4ccb-8dcc-0032f6d68c1a;40;Plaza Mayor;2023-12-03;19:00:00;20:00:00;2836
fe152407-9e68-4ccb-8dcc-0032f6d68c1a;40;Plaza Mayor;2023-12-03;20:00:00;21:00:00;2807
fe152407-9e68-4ccb-8dcc-0032f6d68c1a;40;Plaza Mayor;2023-12-03;21:00:00;22:00:00;2286
a8d2120d-8649-4d03-97dc-e384b935406c;96;Plaza Moraleja;2023-11-27;10:00:00;11:00:00;95
a8d2120d-8649-4d03-97dc-e384b935406c;96;Plaza Moraleja;2023-11-27;11:00:00;12:00:00;149
a8d2120d-8649-4d03-97dc-e384b935406c;96;Plaza Moraleja;2023-11-27;12:00:00;13:00:00;152
a8d2120d-8649-4d03-97dc-e384b935406c;96;Plaza Moraleja;2023-11-27;13:00:00;14:00:00;154
a8d2120d-8649-4d03-97dc-e384b935406c;96;Plaza Moraleja;2023-11-27;14:00:00;15:00:00;169
a8d2120d-8649-4d03-97dc-e384b935406c;96;Plaza Moraleja;2023-11-27;15:00:00;16:00:00;144
a8d2120d-8649-4d03-97dc-e384b935406c;96;Plaza Moraleja;2023-11-27;16:00:00;17:00:00;127
a8d2120d-8649-4d03-97dc-e384b935406c;96;Plaza Moraleja;2023-11-27;17:00:00;18:00:00;92
a8d2120d-8649-4d03-97dc-e384b935406c;96;Plaza Moraleja;2023-11-27;18:00:00;19:00:00;71
a8d2120d-8649-4d03-97dc-e384b935406c;96;Plaza Moraleja;2023-11-27;19:00:00;20:00:00;72
a8d2120d-8649-4d03-97dc-e384b935406c;96;Plaza Moraleja;2023-11-27;20:00:00;21:00:00;64
a8d2120d-8649-4d03-97dc-e384b935406c;96;Plaza Moraleja;2023-11-27;21:00:00;22:00:00;63
a8d2120d-8649-4d03-97dc-e384b935406c;96;Plaza Moraleja;2023-11-28;10:00:00;11:00:00;115
a8d2120d-8649-4d03-97dc-e384b935406c;96;Plaza Moraleja;2023-11-28;11:00:00;12:00:00;170
a8d2120d-8649-4d03-97dc-e384b935406c;96;Plaza Moraleja;2023-11-28;12:00:00;13:00:00;176
a8d2120d-8649-4d03-97dc-e384b935406c;96;Plaza Moraleja;2023-11-28;13:00:00;14:00:00;183
a8d2120d-8649-4d03-97dc-e384b935406c;96;Plaza Moraleja;2023-11-28;14:00:00;15:00:00;197
a8d2120d-8649-4d03-97dc-e384b935406c;96;Plaza Moraleja;2023-11-28;15:00:00;16:00:00;187
a8d2120d-8649-4d03-97dc-e384b935406c;96;Plaza Moraleja;2023-11-28;16:00:00;17:00:00;159
a8d2120d-8649-4d03-97dc-e384b935406c;96;Plaza Moraleja;2023-11-28;17:00:00;18:00:00;111
a8d2120d-8649-4d03-97dc-e384b935406c;96;Plaza Moraleja;2023-11-28;18:00:00;19:00:00;95
a8d2120d-8649-4d03-97dc-e384b935406c;96;Plaza Moraleja;2023-11-28;19:00:00;20:00:00;84
a8d2120d-8649-4d03-97dc-e384b935406c;96;Plaza Moraleja;2023-11-28;20:00:00;21:00:00;75
a8d2120d-8649-4d03-97dc-e384b935406c;96;Plaza Moraleja;2023-11-28;21:00:00;22:00:00;63
a8d2120d-8649-4d03-97dc-e384b935406c;96;Plaza Moraleja;2023-11-29;10:00:00;11:00:00;112
a8d2120d-8649-4d03-97dc-e384b935406c;96;Plaza Moraleja;2023-11-29;11:00:00;12:00:00;172
a8d2120d-8649-4d03-97dc-e384b935406c;96;Plaza Moraleja;2023-11-29;12:00:00;13:00:00;178
a8d2120d-8649-4d03-97dc-e384b935406c;96;Plaza Moraleja;2023-11-29;13:00:00;14:00:00;179
a8d2120d-8649-4d03-97dc-e384b935406c;96;Plaza Moraleja;2023-11-29;14:00:00;15:00:00;186
a8d2120d-8649-4d03-97dc-e384b935406c;96;Plaza Moraleja;2023-11-29;15:00:00;16:00:00;188
a8d2120d-8649-4d03-97dc-e384b935406c;96;Plaza Moraleja;2023-11-29;16:00:00;17:00:00;157
a8d2120d-8649-4d03-97dc-e384b935406c;96;Plaza Moraleja;2023-11-29;17:00:00;18:00:00;111
a8d2120d-8649-4d03-97dc-e384b935406c;96;Plaza Moraleja;2023-11-29;18:00:00;19:00:00;86
a8d2120d-8649-4d03-97dc-e384b935406c;96;Plaza Moraleja;2023-11-29;19:00:00;20:00:00;87
a8d2120d-8649-4d03-97dc-e384b935406c;96;Plaza Moraleja;2023-11-29;20:00:00;21:00:00;75
a8d2120d-8649-4d03-97dc-e384b935406c;96;Plaza Moraleja;2023-11-29;21:00:00;22:00:00;61
a8d2120d-8649-4d03-97dc-e384b935406c;96;Plaza Moraleja;2023-11-30;10:00:00;11:00:00;105
a8d2120d-8649-4d03-97dc-e384b935406c;96;Plaza Moraleja;2023-11-30;11:00:00;12:00:00;149
a8d2120d-8649-4d03-97dc-e384b935406c;96;Plaza Moraleja;2023-11-30;12:00:00;13:00:00;154
a8d2120d-8649-4d03-97dc-e384b935406c;96;Plaza Moraleja;2023-11-30;13:00:00;14:00:00;174
a8d2120d-8649-4d03-97dc-e384b935406c;96;Plaza Moraleja;2023-11-30;14:00:00;15:00:00;164
a8d2120d-8649-4d03-97dc-e384b935406c;96;Plaza Moraleja;2023-11-30;15:00:00;16:00:00;154
a8d2120d-8649-4d03-97dc-e384b935406c;96;Plaza Moraleja;2023-11-30;16:00:00;17:00:00;133
a8d2120d-8649-4d03-97dc-e384b935406c;96;Plaza Moraleja;2023-11-30;17:00:00;18:00:00;96
a8d2120d-8649-4d03-97dc-e384b935406c;96;Plaza Moraleja;2023-11-30;18:00:00;19:00:00;87
a8d2120d-8649-4d03-97dc-e384b935406c;96;Plaza Moraleja;2023-11-30;19:00:00;20:00:00;71
a8d2120d-8649-4d03-97dc-e384b935406c;96;Plaza Moraleja;2023-11-30;20:00:00;21:00:00;65
a8d2120d-8649-4d03-97dc-e384b935406c;96;Plaza Moraleja;2023-11-30;21:00:00;22:00:00;64
a8d2120d-8649-4d03-97dc-e384b935406c;96;Plaza Moraleja;2023-12-01;10:00:00;11:00:00;50
a8d2120d-8649-4d03-97dc-e384b935406c;96;Plaza Moraleja;2023-12-01;11:00:00;12:00:00;80
a8d2120d-8649-4d03-97dc-e384b935406c;96;Plaza Moraleja;2023-12-01;12:00:00;13:00:00;82
a8d2120d-8649-4d03-97dc-e384b935406c;96;Plaza Moraleja;2023-12-01;13:00:00;14:00:00;84
a8d2120d-8649-4d03-97dc-e384b935406c;96;Plaza Moraleja;2023-12-01;14:00:00;15:00:00;96
a8d2120d-8649-4d03-97dc-e384b935406c;96;Plaza Moraleja;2023-12-01;15:00:00;16:00:00;86
a8d2120d-8649-4d03-97dc-e384b935406c;96;Plaza Moraleja;2023-12-01;16:00:00;17:00:00;70
a8d2120d-8649-4d03-97dc-e384b935406c;96;Plaza Moraleja;2023-12-01;17:00:00;18:00:00;58
a8d2120d-8649-4d03-97dc-e384b935406c;96;Plaza Moraleja;2023-12-01;18:00:00;19:00:00;52
a8d2120d-8649-4d03-97dc-e384b935406c;96;Plaza Moraleja;2023-12-01;19:00:00;20:00:00;81
a8d2120d-8649-4d03-97dc-e384b935406c;96;Plaza Moraleja;2023-12-01;20:00:00;21:00:00;85
a8d2120d-8649-4d03-97dc-e384b935406c;96;Plaza Moraleja;2023-12-01;21:00:00;22:00:00;83
a8d2120d-8649-4d03-97dc-e384b935406c;96;Plaza Moraleja;2023-12-02;10:00:00;11:00:00;0
a8d2120d-8649-4d03-97dc-e384b935406c;96;Plaza Moraleja;2023-12-02;11:00:00;12:00:00;0
a8d2120d-8649-4d03-97dc-e384b935406c;96;Plaza Moraleja;2023-12-02;12:00:00;13:00:00;0
a8d2120d-8649-4d03-97dc-e384b935406c;96;Plaza Moraleja;2023-12-02;13:00:00;14:00:00;0
a8d2120d-8649-4d03-97dc-e384b935406c;96;Plaza Moraleja;2023-12-02;14:00:00;15:00:00;0
a8d2120d-8649-4d03-97dc-e384b935406c;96;Plaza Moraleja;2023-12-02;15:00:00;16:00:00;0
a8d2120d-8649-4d03-97dc-e384b935406c;96;Plaza Moraleja;2023-12-02;16:00:00;17:00:00;0
a8d2120d-8649-4d03-97dc-e384b935406c;96;Plaza Moraleja;2023-12-02;17:00:00;18:00:00;0
a8d2120d-8649-4d03-97dc-e384b935406c;96;Plaza Moraleja;2023-12-02;18:00:00;19:00:00;0
a8d2120d-8649-4d03-97dc-e384b935406c;96;Plaza Moraleja;2023-12-02;19:00:00;20:00:00;0
a8d2120d-8649-4d03-97dc-e384b935406c;96;Plaza Moraleja;2023-12-02;20:00:00;21:00:00;0
a8d2120d-8649-4d03-97dc-e384b935406c;96;Plaza Moraleja;2023-12-02;21:00:00;22:00:00;0
a8d2120d-8649-4d03-97dc-e384b935406c;96;Plaza Moraleja;2023-12-03;10:00:00;11:00:00;0
a8d2120d-8649-4d03-97dc-e384b935406c;96;Plaza Moraleja;2023-12-03;11:00:00;12:00:00;0
a8d2120d-8649-4d03-97dc-e384b935406c;96;Plaza Moraleja;2023-12-03;12:00:00;13:00:00;0
a8d2120d-8649-4d03-97dc-e384b935406c;96;Plaza Moraleja;2023-12-03;13:00:00;14:00:00;0
a8d2120d-8649-4d03-97dc-e384b935406c;96;Plaza Moraleja;2023-12-03;14:00:00;15:00:00;0
a8d2120d-8649-4d03-97dc-e384b935406c;96;Plaza Moraleja;2023-12-03;15:00:00;16:00:00;0
a8d2120d-8649-4d03-97dc-e384b935406c;96;Plaza Moraleja;2023-12-03;16:00:00;17:00:00;0
a8d2120d-8649-4d03-97dc-e384b935406c;96;Plaza Moraleja;2023-12-03;17:00:00;18:00:00;0
a8d2120d-8649-4d03-97dc-e384b935406c;96;Plaza Moraleja;2023-12-03;18:00:00;19:00:00;0
a8d2120d-8649-4d03-97dc-e384b935406c;96;Plaza Moraleja;2023-12-03;19:00:00;20:00:00;0
a8d2120d-8649-4d03-97dc-e384b935406c;96;Plaza Moraleja;2023-12-03;20:00:00;21:00:00;0
a8d2120d-8649-4d03-97dc-e384b935406c;96;Plaza Moraleja;2023-12-03;21:00:00;22:00:00;0
907fe0e5-f500-493f-92bd-3dfc70929688;41;Plaza Norte 2;2023-11-27;10:00:00;11:00:00;2497
907fe0e5-f500-493f-92bd-3dfc70929688;41;Plaza Norte 2;2023-11-27;11:00:00;12:00:00;2911
907fe0e5-f500-493f-92bd-3dfc70929688;41;Plaza Norte 2;2023-11-27;12:00:00;13:00:00;3258
907fe0e5-f500-493f-92bd-3dfc70929688;41;Plaza Norte 2;2023-11-27;13:00:00;14:00:00;3756
907fe0e5-f500-493f-92bd-3dfc70929688;41;Plaza Norte 2;2023-11-27;14:00:00;15:00:00;3749
907fe0e5-f500-493f-92bd-3dfc70929688;41;Plaza Norte 2;2023-11-27;15:00:00;16:00:00;3707
907fe0e5-f500-493f-92bd-3dfc70929688;41;Plaza Norte 2;2023-11-27;16:00:00;17:00:00;3643
907fe0e5-f500-493f-92bd-3dfc70929688;41;Plaza Norte 2;2023-11-27;17:00:00;18:00:00;3853
907fe0e5-f500-493f-92bd-3dfc70929688;41;Plaza Norte 2;2023-11-27;18:00:00;19:00:00;4268
907fe0e5-f500-493f-92bd-3dfc70929688;41;Plaza Norte 2;2023-11-27;19:00:00;20:00:00;4362
907fe0e5-f500-493f-92bd-3dfc70929688;41;Plaza Norte 2;2023-11-27;20:00:00;21:00:00;4183
907fe0e5-f500-493f-92bd-3dfc70929688;41;Plaza Norte 2;2023-11-27;21:00:00;22:00:00;2963
907fe0e5-f500-493f-92bd-3dfc70929688;41;Plaza Norte 2;2023-11-28;10:00:00;11:00:00;2636
907fe0e5-f500-493f-92bd-3dfc70929688;41;Plaza Norte 2;2023-11-28;11:00:00;12:00:00;2850
907fe0e5-f500-493f-92bd-3dfc70929688;41;Plaza Norte 2;2023-11-28;12:00:00;13:00:00;3208
907fe0e5-f500-493f-92bd-3dfc70929688;41;Plaza Norte 2;2023-11-28;13:00:00;14:00:00;3512
907fe0e5-f500-493f-92bd-3dfc70929688;41;Plaza Norte 2;2023-11-28;14:00:00;15:00:00;3812
907fe0e5-f500-493f-92bd-3dfc70929688;41;Plaza Norte 2;2023-11-28;15:00:00;16:00:00;3790
907fe0e5-f500-493f-92bd-3dfc70929688;41;Plaza Norte 2;2023-11-28;16:00:00;17:00:00;3466
907fe0e5-f500-493f-92bd-3dfc70929688;41;Plaza Norte 2;2023-11-28;17:00:00;18:00:00;3567
907fe0e5-f500-493f-92bd-3dfc70929688;41;Plaza Norte 2;2023-11-28;18:00:00;19:00:00;4090
907fe0e5-f500-493f-92bd-3dfc70929688;41;Plaza Norte 2;2023-11-28;19:00:00;20:00:00;4159
907fe0e5-f500-493f-92bd-3dfc70929688;41;Plaza Norte 2;2023-11-28;20:00:00;21:00:00;3787
907fe0e5-f500-493f-92bd-3dfc70929688;41;Plaza Norte 2;2023-11-28;21:00:00;22:00:00;3046
907fe0e5-f500-493f-92bd-3dfc70929688;41;Plaza Norte 2;2023-11-29;10:00:00;11:00:00;2271
907fe0e5-f500-493f-92bd-3dfc70929688;41;Plaza Norte 2;2023-11-29;11:00:00;12:00:00;2781
907fe0e5-f500-493f-92bd-3dfc70929688;41;Plaza Norte 2;2023-11-29;12:00:00;13:00:00;2921
907fe0e5-f500-493f-92bd-3dfc70929688;41;Plaza Norte 2;2023-11-29;13:00:00;14:00:00;3105
907fe0e5-f500-493f-92bd-3dfc70929688;41;Plaza Norte 2;2023-11-29;14:00:00;15:00:00;3540
907fe0e5-f500-493f-92bd-3dfc70929688;41;Plaza Norte 2;2023-11-29;15:00:00;16:00:00;3493
907fe0e5-f500-493f-92bd-3dfc70929688;41;Plaza Norte 2;2023-11-29;16:00:00;17:00:00;3310
907fe0e5-f500-493f-92bd-3dfc70929688;41;Plaza Norte 2;2023-11-29;17:00:00;18:00:00;3725
907fe0e5-f500-493f-92bd-3dfc70929688;41;Plaza Norte 2;2023-11-29;18:00:00;19:00:00;4470
907fe0e5-f500-493f-92bd-3dfc70929688;41;Plaza Norte 2;2023-11-29;19:00:00;20:00:00;4780
907fe0e5-f500-493f-92bd-3dfc70929688;41;Plaza Norte 2;2023-11-29;20:00:00;21:00:00;4157
907fe0e5-f500-493f-92bd-3dfc70929688;41;Plaza Norte 2;2023-11-29;21:00:00;22:00:00;2869
907fe0e5-f500-493f-92bd-3dfc70929688;41;Plaza Norte 2;2023-11-30;10:00:00;11:00:00;2146
907fe0e5-f500-493f-92bd-3dfc70929688;41;Plaza Norte 2;2023-11-30;11:00:00;12:00:00;3116
907fe0e5-f500-493f-92bd-3dfc70929688;41;Plaza Norte 2;2023-11-30;12:00:00;13:00:00;3327
907fe0e5-f500-493f-92bd-3dfc70929688;41;Plaza Norte 2;2023-11-30;13:00:00;14:00:00;3634
907fe0e5-f500-493f-92bd-3dfc70929688;41;Plaza Norte 2;2023-11-30;14:00:00;15:00:00;3908
907fe0e5-f500-493f-92bd-3dfc70929688;41;Plaza Norte 2;2023-11-30;15:00:00;16:00:00;3634
907fe0e5-f500-493f-92bd-3dfc70929688;41;Plaza Norte 2;2023-11-30;16:00:00;17:00:00;3572
907fe0e5-f500-493f-92bd-3dfc70929688;41;Plaza Norte 2;2023-11-30;17:00:00;18:00:00;3930
907fe0e5-f500-493f-92bd-3dfc70929688;41;Plaza Norte 2;2023-11-30;18:00:00;19:00:00;4355
907fe0e5-f500-493f-92bd-3dfc70929688;41;Plaza Norte 2;2023-11-30;19:00:00;20:00:00;4519
907fe0e5-f500-493f-92bd-3dfc70929688;41;Plaza Norte 2;2023-11-30;20:00:00;21:00:00;4259
907fe0e5-f500-493f-92bd-3dfc70929688;41;Plaza Norte 2;2023-11-30;21:00:00;22:00:00;3014
907fe0e5-f500-493f-92bd-3dfc70929688;41;Plaza Norte 2;2023-12-01;10:00:00;11:00:00;2329
907fe0e5-f500-493f-92bd-3dfc70929688;41;Plaza Norte 2;2023-12-01;11:00:00;12:00:00;3391
907fe0e5-f500-493f-92bd-3dfc70929688;41;Plaza Norte 2;2023-12-01;12:00:00;13:00:00;3742
907fe0e5-f500-493f-92bd-3dfc70929688;41;Plaza Norte 2;2023-12-01;13:00:00;14:00:00;3816
907fe0e5-f500-493f-92bd-3dfc70929688;41;Plaza Norte 2;2023-12-01;14:00:00;15:00:00;4173
907fe0e5-f500-493f-92bd-3dfc70929688;41;Plaza Norte 2;2023-12-01;15:00:00;16:00:00;4423
907fe0e5-f500-493f-92bd-3dfc70929688;41;Plaza Norte 2;2023-12-01;16:00:00;17:00:00;4828
907fe0e5-f500-493f-92bd-3dfc70929688;41;Plaza Norte 2;2023-12-01;17:00:00;18:00:00;4945
907fe0e5-f500-493f-92bd-3dfc70929688;41;Plaza Norte 2;2023-12-01;18:00:00;19:00:00;5966
907fe0e5-f500-493f-92bd-3dfc70929688;41;Plaza Norte 2;2023-12-01;19:00:00;20:00:00;7205
907fe0e5-f500-493f-92bd-3dfc70929688;41;Plaza Norte 2;2023-12-01;20:00:00;21:00:00;6676
907fe0e5-f500-493f-92bd-3dfc70929688;41;Plaza Norte 2;2023-12-01;21:00:00;22:00:00;5187
907fe0e5-f500-493f-92bd-3dfc70929688;41;Plaza Norte 2;2023-12-02;10:00:00;11:00:00;2859
907fe0e5-f500-493f-92bd-3dfc70929688;41;Plaza Norte 2;2023-12-02;11:00:00;12:00:00;4173
907fe0e5-f500-493f-92bd-3dfc70929688;41;Plaza Norte 2;2023-12-02;12:00:00;13:00:00;5819
907fe0e5-f500-493f-92bd-3dfc70929688;41;Plaza Norte 2;2023-12-02;13:00:00;14:00:00;6529
907fe0e5-f500-493f-92bd-3dfc70929688;41;Plaza Norte 2;2023-12-02;14:00:00;15:00:00;6583
907fe0e5-f500-493f-92bd-3dfc70929688;41;Plaza Norte 2;2023-12-02;15:00:00;16:00:00;6622
907fe0e5-f500-493f-92bd-3dfc70929688;41;Plaza Norte 2;2023-12-02;16:00:00;17:00:00;7092
907fe0e5-f500-493f-92bd-3dfc70929688;41;Plaza Norte 2;2023-12-02;17:00:00;18:00:00;8029
907fe0e5-f500-493f-92bd-3dfc70929688;41;Plaza Norte 2;2023-12-02;18:00:00;19:00:00;9113
907fe0e5-f500-493f-92bd-3dfc70929688;41;Plaza Norte 2;2023-12-02;19:00:00;20:00:00;9849
907fe0e5-f500-493f-92bd-3dfc70929688;41;Plaza Norte 2;2023-12-02;20:00:00;21:00:00;9622
907fe0e5-f500-493f-92bd-3dfc70929688;41;Plaza Norte 2;2023-12-02;21:00:00;22:00:00;7303
907fe0e5-f500-493f-92bd-3dfc70929688;41;Plaza Norte 2;2023-12-03;10:00:00;11:00:00;2059
907fe0e5-f500-493f-92bd-3dfc70929688;41;Plaza Norte 2;2023-12-03;11:00:00;12:00:00;3505
907fe0e5-f500-493f-92bd-3dfc70929688;41;Plaza Norte 2;2023-12-03;12:00:00;13:00:00;5129
907fe0e5-f500-493f-92bd-3dfc70929688;41;Plaza Norte 2;2023-12-03;13:00:00;14:00:00;6004
907fe0e5-f500-493f-92bd-3dfc70929688;41;Plaza Norte 2;2023-12-03;14:00:00;15:00:00;6047
907fe0e5-f500-493f-92bd-3dfc70929688;41;Plaza Norte 2;2023-12-03;15:00:00;16:00:00;6302
907fe0e5-f500-493f-92bd-3dfc70929688;41;Plaza Norte 2;2023-12-03;16:00:00;17:00:00;6675
907fe0e5-f500-493f-92bd-3dfc70929688;41;Plaza Norte 2;2023-12-03;17:00:00;18:00:00;7260
907fe0e5-f500-493f-92bd-3dfc70929688;41;Plaza Norte 2;2023-12-03;18:00:00;19:00:00;7668
907fe0e5-f500-493f-92bd-3dfc70929688;41;Plaza Norte 2;2023-12-03;19:00:00;20:00:00;7069
907fe0e5-f500-493f-92bd-3dfc70929688;41;Plaza Norte 2;2023-12-03;20:00:00;21:00:00;5543
907fe0e5-f500-493f-92bd-3dfc70929688;41;Plaza Norte 2;2023-12-03;21:00:00;22:00:00;3528
a292aa57-8504-407d-96f2-783b80fdc527;42;Plaza Río 2;2023-11-27;10:00:00;11:00:00;2037
a292aa57-8504-407d-96f2-783b80fdc527;42;Plaza Río 2;2023-11-27;11:00:00;12:00:00;2952
a292aa57-8504-407d-96f2-783b80fdc527;42;Plaza Río 2;2023-11-27;12:00:00;13:00:00;2997
a292aa57-8504-407d-96f2-783b80fdc527;42;Plaza Río 2;2023-11-27;13:00:00;14:00:00;2940
a292aa57-8504-407d-96f2-783b80fdc527;42;Plaza Río 2;2023-11-27;14:00:00;15:00:00;3110
a292aa57-8504-407d-96f2-783b80fdc527;42;Plaza Río 2;2023-11-27;15:00:00;16:00:00;3243
a292aa57-8504-407d-96f2-783b80fdc527;42;Plaza Río 2;2023-11-27;16:00:00;17:00:00;3155
a292aa57-8504-407d-96f2-783b80fdc527;42;Plaza Río 2;2023-11-27;17:00:00;18:00:00;3314
a292aa57-8504-407d-96f2-783b80fdc527;42;Plaza Río 2;2023-11-27;18:00:00;19:00:00;3606
a292aa57-8504-407d-96f2-783b80fdc527;42;Plaza Río 2;2023-11-27;19:00:00;20:00:00;3345
a292aa57-8504-407d-96f2-783b80fdc527;42;Plaza Río 2;2023-11-27;20:00:00;21:00:00;3299
a292aa57-8504-407d-96f2-783b80fdc527;42;Plaza Río 2;2023-11-27;21:00:00;22:00:00;2876
a292aa57-8504-407d-96f2-783b80fdc527;42;Plaza Río 2;2023-11-28;10:00:00;11:00:00;2247
a292aa57-8504-407d-96f2-783b80fdc527;42;Plaza Río 2;2023-11-28;11:00:00;12:00:00;3035
a292aa57-8504-407d-96f2-783b80fdc527;42;Plaza Río 2;2023-11-28;12:00:00;13:00:00;3012
a292aa57-8504-407d-96f2-783b80fdc527;42;Plaza Río 2;2023-11-28;13:00:00;14:00:00;3072
a292aa57-8504-407d-96f2-783b80fdc527;42;Plaza Río 2;2023-11-28;14:00:00;15:00:00;3222
a292aa57-8504-407d-96f2-783b80fdc527;42;Plaza Río 2;2023-11-28;15:00:00;16:00:00;3217
a292aa57-8504-407d-96f2-783b80fdc527;42;Plaza Río 2;2023-11-28;16:00:00;17:00:00;3005
a292aa57-8504-407d-96f2-783b80fdc527;42;Plaza Río 2;2023-11-28;17:00:00;18:00:00;3139
a292aa57-8504-407d-96f2-783b80fdc527;42;Plaza Río 2;2023-11-28;18:00:00;19:00:00;3206
a292aa57-8504-407d-96f2-783b80fdc527;42;Plaza Río 2;2023-11-28;19:00:00;20:00:00;3111
a292aa57-8504-407d-96f2-783b80fdc527;42;Plaza Río 2;2023-11-28;20:00:00;21:00:00;3035
a292aa57-8504-407d-96f2-783b80fdc527;42;Plaza Río 2;2023-11-28;21:00:00;22:00:00;2850
a292aa57-8504-407d-96f2-783b80fdc527;42;Plaza Río 2;2023-11-29;10:00:00;11:00:00;2234
a292aa57-8504-407d-96f2-783b80fdc527;42;Plaza Río 2;2023-11-29;11:00:00;12:00:00;2951
a292aa57-8504-407d-96f2-783b80fdc527;42;Plaza Río 2;2023-11-29;12:00:00;13:00:00;2931
a292aa57-8504-407d-96f2-783b80fdc527;42;Plaza Río 2;2023-11-29;13:00:00;14:00:00;2933
a292aa57-8504-407d-96f2-783b80fdc527;42;Plaza Río 2;2023-11-29;14:00:00;15:00:00;3257
a292aa57-8504-407d-96f2-783b80fdc527;42;Plaza Río 2;2023-11-29;15:00:00;16:00:00;3256
a292aa57-8504-407d-96f2-783b80fdc527;42;Plaza Río 2;2023-11-29;16:00:00;17:00:00;3044
a292aa57-8504-407d-96f2-783b80fdc527;42;Plaza Río 2;2023-11-29;17:00:00;18:00:00;3083
a292aa57-8504-407d-96f2-783b80fdc527;42;Plaza Río 2;2023-11-29;18:00:00;19:00:00;3147
a292aa57-8504-407d-96f2-783b80fdc527;42;Plaza Río 2;2023-11-29;19:00:00;20:00:00;3050
a292aa57-8504-407d-96f2-783b80fdc527;42;Plaza Río 2;2023-11-29;20:00:00;21:00:00;2974
a292aa57-8504-407d-96f2-783b80fdc527;42;Plaza Río 2;2023-11-29;21:00:00;22:00:00;2922
a292aa57-8504-407d-96f2-783b80fdc527;42;Plaza Río 2;2023-11-30;10:00:00;11:00:00;2105
a292aa57-8504-407d-96f2-783b80fdc527;42;Plaza Río 2;2023-11-30;11:00:00;12:00:00;2812
a292aa57-8504-407d-96f2-783b80fdc527;42;Plaza Río 2;2023-11-30;12:00:00;13:00:00;2751
a292aa57-8504-407d-96f2-783b80fdc527;42;Plaza Río 2;2023-11-30;13:00:00;14:00:00;2761
a292aa57-8504-407d-96f2-783b80fdc527;42;Plaza Río 2;2023-11-30;14:00:00;15:00:00;2984
a292aa57-8504-407d-96f2-783b80fdc527;42;Plaza Río 2;2023-11-30;15:00:00;16:00:00;2927
a292aa57-8504-407d-96f2-783b80fdc527;42;Plaza Río 2;2023-11-30;16:00:00;17:00:00;2720
a292aa57-8504-407d-96f2-783b80fdc527;42;Plaza Río 2;2023-11-30;17:00:00;18:00:00;2747
a292aa57-8504-407d-96f2-783b80fdc527;42;Plaza Río 2;2023-11-30;18:00:00;19:00:00;2834
a292aa57-8504-407d-96f2-783b80fdc527;42;Plaza Río 2;2023-11-30;19:00:00;20:00:00;2748
a292aa57-8504-407d-96f2-783b80fdc527;42;Plaza Río 2;2023-11-30;20:00:00;21:00:00;2746
a292aa57-8504-407d-96f2-783b80fdc527;42;Plaza Río 2;2023-11-30;21:00:00;22:00:00;2652
a292aa57-8504-407d-96f2-783b80fdc527;42;Plaza Río 2;2023-12-01;10:00:00;11:00:00;2263
a292aa57-8504-407d-96f2-783b80fdc527;42;Plaza Río 2;2023-12-01;11:00:00;12:00:00;2679
a292aa57-8504-407d-96f2-783b80fdc527;42;Plaza Río 2;2023-12-01;12:00:00;13:00:00;2644
a292aa57-8504-407d-96f2-783b80fdc527;42;Plaza Río 2;2023-12-01;13:00:00;14:00:00;2726
a292aa57-8504-407d-96f2-783b80fdc527;42;Plaza Río 2;2023-12-01;14:00:00;15:00:00;3313
a292aa57-8504-407d-96f2-783b80fdc527;42;Plaza Río 2;2023-12-01;15:00:00;16:00:00;3392
a292aa57-8504-407d-96f2-783b80fdc527;42;Plaza Río 2;2023-12-01;16:00:00;17:00:00;3475
a292aa57-8504-407d-96f2-783b80fdc527;42;Plaza Río 2;2023-12-01;17:00:00;18:00:00;3381
a292aa57-8504-407d-96f2-783b80fdc527;42;Plaza Río 2;2023-12-01;18:00:00;19:00:00;3532
a292aa57-8504-407d-96f2-783b80fdc527;42;Plaza Río 2;2023-12-01;19:00:00;20:00:00;3376
a292aa57-8504-407d-96f2-783b80fdc527;42;Plaza Río 2;2023-12-01;20:00:00;21:00:00;3382
a292aa57-8504-407d-96f2-783b80fdc527;42;Plaza Río 2;2023-12-01;21:00:00;22:00:00;2907
a292aa57-8504-407d-96f2-783b80fdc527;42;Plaza Río 2;2023-12-02;10:00:00;11:00:00;2383
a292aa57-8504-407d-96f2-783b80fdc527;42;Plaza Río 2;2023-12-02;11:00:00;12:00:00;3090
a292aa57-8504-407d-96f2-783b80fdc527;42;Plaza Río 2;2023-12-02;12:00:00;13:00:00;3322
a292aa57-8504-407d-96f2-783b80fdc527;42;Plaza Río 2;2023-12-02;13:00:00;14:00:00;3453
a292aa57-8504-407d-96f2-783b80fdc527;42;Plaza Río 2;2023-12-02;14:00:00;15:00:00;3442
a292aa57-8504-407d-96f2-783b80fdc527;42;Plaza Río 2;2023-12-02;15:00:00;16:00:00;3450
a292aa57-8504-407d-96f2-783b80fdc527;42;Plaza Río 2;2023-12-02;16:00:00;17:00:00;3351
a292aa57-8504-407d-96f2-783b80fdc527;42;Plaza Río 2;2023-12-02;17:00:00;18:00:00;3599
a292aa57-8504-407d-96f2-783b80fdc527;42;Plaza Río 2;2023-12-02;18:00:00;19:00:00;3760
a292aa57-8504-407d-96f2-783b80fdc527;42;Plaza Río 2;2023-12-02;19:00:00;20:00:00;3633
a292aa57-8504-407d-96f2-783b80fdc527;42;Plaza Río 2;2023-12-02;20:00:00;21:00:00;3265
a292aa57-8504-407d-96f2-783b80fdc527;42;Plaza Río 2;2023-12-02;21:00:00;22:00:00;2717
a292aa57-8504-407d-96f2-783b80fdc527;42;Plaza Río 2;2023-12-03;10:00:00;11:00:00;2579
a292aa57-8504-407d-96f2-783b80fdc527;42;Plaza Río 2;2023-12-03;11:00:00;12:00:00;3180
a292aa57-8504-407d-96f2-783b80fdc527;42;Plaza Río 2;2023-12-03;12:00:00;13:00:00;3395
a292aa57-8504-407d-96f2-783b80fdc527;42;Plaza Río 2;2023-12-03;13:00:00;14:00:00;3629
a292aa57-8504-407d-96f2-783b80fdc527;42;Plaza Río 2;2023-12-03;14:00:00;15:00:00;3694
a292aa57-8504-407d-96f2-783b80fdc527;42;Plaza Río 2;2023-12-03;15:00:00;16:00:00;3434
a292aa57-8504-407d-96f2-783b80fdc527;42;Plaza Río 2;2023-12-03;16:00:00;17:00:00;3196
a292aa57-8504-407d-96f2-783b80fdc527;42;Plaza Río 2;2023-12-03;17:00:00;18:00:00;3209
a292aa57-8504-407d-96f2-783b80fdc527;42;Plaza Río 2;2023-12-03;18:00:00;19:00:00;3554
a292aa57-8504-407d-96f2-783b80fdc527;42;Plaza Río 2;2023-12-03;19:00:00;20:00:00;3394
a292aa57-8504-407d-96f2-783b80fdc527;42;Plaza Río 2;2023-12-03;20:00:00;21:00:00;2951
a292aa57-8504-407d-96f2-783b80fdc527;42;Plaza Río 2;2023-12-03;21:00:00;22:00:00;2970
ae2b6114-0ded-4bef-b0cb-3c94c6571797;43;Portal de la Marina;2023-11-27;10:00:00;11:00:00;1427
ae2b6114-0ded-4bef-b0cb-3c94c6571797;43;Portal de la Marina;2023-11-27;11:00:00;12:00:00;1745
ae2b6114-0ded-4bef-b0cb-3c94c6571797;43;Portal de la Marina;2023-11-27;12:00:00;13:00:00;1988
ae2b6114-0ded-4bef-b0cb-3c94c6571797;43;Portal de la Marina;2023-11-27;13:00:00;14:00:00;1784
ae2b6114-0ded-4bef-b0cb-3c94c6571797;43;Portal de la Marina;2023-11-27;14:00:00;15:00:00;1764
ae2b6114-0ded-4bef-b0cb-3c94c6571797;43;Portal de la Marina;2023-11-27;15:00:00;16:00:00;1821
ae2b6114-0ded-4bef-b0cb-3c94c6571797;43;Portal de la Marina;2023-11-27;16:00:00;17:00:00;1752
ae2b6114-0ded-4bef-b0cb-3c94c6571797;43;Portal de la Marina;2023-11-27;17:00:00;18:00:00;2247
ae2b6114-0ded-4bef-b0cb-3c94c6571797;43;Portal de la Marina;2023-11-27;18:00:00;19:00:00;2328
ae2b6114-0ded-4bef-b0cb-3c94c6571797;43;Portal de la Marina;2023-11-27;19:00:00;20:00:00;2109
ae2b6114-0ded-4bef-b0cb-3c94c6571797;43;Portal de la Marina;2023-11-27;20:00:00;21:00:00;1711
ae2b6114-0ded-4bef-b0cb-3c94c6571797;43;Portal de la Marina;2023-11-27;21:00:00;22:00:00;1253
ae2b6114-0ded-4bef-b0cb-3c94c6571797;43;Portal de la Marina;2023-11-28;10:00:00;11:00:00;1568
ae2b6114-0ded-4bef-b0cb-3c94c6571797;43;Portal de la Marina;2023-11-28;11:00:00;12:00:00;1768
ae2b6114-0ded-4bef-b0cb-3c94c6571797;43;Portal de la Marina;2023-11-28;12:00:00;13:00:00;2549
ae2b6114-0ded-4bef-b0cb-3c94c6571797;43;Portal de la Marina;2023-11-28;13:00:00;14:00:00;2143
ae2b6114-0ded-4bef-b0cb-3c94c6571797;43;Portal de la Marina;2023-11-28;14:00:00;15:00:00;2159
ae2b6114-0ded-4bef-b0cb-3c94c6571797;43;Portal de la Marina;2023-11-28;15:00:00;16:00:00;2021
ae2b6114-0ded-4bef-b0cb-3c94c6571797;43;Portal de la Marina;2023-11-28;16:00:00;17:00:00;1858
ae2b6114-0ded-4bef-b0cb-3c94c6571797;43;Portal de la Marina;2023-11-28;17:00:00;18:00:00;2063
ae2b6114-0ded-4bef-b0cb-3c94c6571797;43;Portal de la Marina;2023-11-28;18:00:00;19:00:00;2303
ae2b6114-0ded-4bef-b0cb-3c94c6571797;43;Portal de la Marina;2023-11-28;19:00:00;20:00:00;1978
ae2b6114-0ded-4bef-b0cb-3c94c6571797;43;Portal de la Marina;2023-11-28;20:00:00;21:00:00;1659
ae2b6114-0ded-4bef-b0cb-3c94c6571797;43;Portal de la Marina;2023-11-28;21:00:00;22:00:00;1179
ae2b6114-0ded-4bef-b0cb-3c94c6571797;43;Portal de la Marina;2023-11-29;10:00:00;11:00:00;1575
ae2b6114-0ded-4bef-b0cb-3c94c6571797;43;Portal de la Marina;2023-11-29;11:00:00;12:00:00;1800
ae2b6114-0ded-4bef-b0cb-3c94c6571797;43;Portal de la Marina;2023-11-29;12:00:00;13:00:00;1854
ae2b6114-0ded-4bef-b0cb-3c94c6571797;43;Portal de la Marina;2023-11-29;13:00:00;14:00:00;1852
ae2b6114-0ded-4bef-b0cb-3c94c6571797;43;Portal de la Marina;2023-11-29;14:00:00;15:00:00;1736
ae2b6114-0ded-4bef-b0cb-3c94c6571797;43;Portal de la Marina;2023-11-29;15:00:00;16:00:00;1599
ae2b6114-0ded-4bef-b0cb-3c94c6571797;43;Portal de la Marina;2023-11-29;16:00:00;17:00:00;1678
ae2b6114-0ded-4bef-b0cb-3c94c6571797;43;Portal de la Marina;2023-11-29;17:00:00;18:00:00;1882
ae2b6114-0ded-4bef-b0cb-3c94c6571797;43;Portal de la Marina;2023-11-29;18:00:00;19:00:00;2171
ae2b6114-0ded-4bef-b0cb-3c94c6571797;43;Portal de la Marina;2023-11-29;19:00:00;20:00:00;2071
ae2b6114-0ded-4bef-b0cb-3c94c6571797;43;Portal de la Marina;2023-11-29;20:00:00;21:00:00;1614
ae2b6114-0ded-4bef-b0cb-3c94c6571797;43;Portal de la Marina;2023-11-29;21:00:00;22:00:00;1126
ae2b6114-0ded-4bef-b0cb-3c94c6571797;43;Portal de la Marina;2023-11-30;10:00:00;11:00:00;1441
ae2b6114-0ded-4bef-b0cb-3c94c6571797;43;Portal de la Marina;2023-11-30;11:00:00;12:00:00;1666
ae2b6114-0ded-4bef-b0cb-3c94c6571797;43;Portal de la Marina;2023-11-30;12:00:00;13:00:00;2089
ae2b6114-0ded-4bef-b0cb-3c94c6571797;43;Portal de la Marina;2023-11-30;13:00:00;14:00:00;1697
ae2b6114-0ded-4bef-b0cb-3c94c6571797;43;Portal de la Marina;2023-11-30;14:00:00;15:00:00;1749
ae2b6114-0ded-4bef-b0cb-3c94c6571797;43;Portal de la Marina;2023-11-30;15:00:00;16:00:00;1817
ae2b6114-0ded-4bef-b0cb-3c94c6571797;43;Portal de la Marina;2023-11-30;16:00:00;17:00:00;1923
ae2b6114-0ded-4bef-b0cb-3c94c6571797;43;Portal de la Marina;2023-11-30;17:00:00;18:00:00;2339
ae2b6114-0ded-4bef-b0cb-3c94c6571797;43;Portal de la Marina;2023-11-30;18:00:00;19:00:00;2679
ae2b6114-0ded-4bef-b0cb-3c94c6571797;43;Portal de la Marina;2023-11-30;19:00:00;20:00:00;2451
ae2b6114-0ded-4bef-b0cb-3c94c6571797;43;Portal de la Marina;2023-11-30;20:00:00;21:00:00;1749
ae2b6114-0ded-4bef-b0cb-3c94c6571797;43;Portal de la Marina;2023-11-30;21:00:00;22:00:00;1193
ae2b6114-0ded-4bef-b0cb-3c94c6571797;43;Portal de la Marina;2023-12-01;10:00:00;11:00:00;1612
ae2b6114-0ded-4bef-b0cb-3c94c6571797;43;Portal de la Marina;2023-12-01;11:00:00;12:00:00;1970
ae2b6114-0ded-4bef-b0cb-3c94c6571797;43;Portal de la Marina;2023-12-01;12:00:00;13:00:00;2248
ae2b6114-0ded-4bef-b0cb-3c94c6571797;43;Portal de la Marina;2023-12-01;13:00:00;14:00:00;2101
ae2b6114-0ded-4bef-b0cb-3c94c6571797;43;Portal de la Marina;2023-12-01;14:00:00;15:00:00;2215
ae2b6114-0ded-4bef-b0cb-3c94c6571797;43;Portal de la Marina;2023-12-01;15:00:00;16:00:00;2222
ae2b6114-0ded-4bef-b0cb-3c94c6571797;43;Portal de la Marina;2023-12-01;16:00:00;17:00:00;2124
ae2b6114-0ded-4bef-b0cb-3c94c6571797;43;Portal de la Marina;2023-12-01;17:00:00;18:00:00;2698
ae2b6114-0ded-4bef-b0cb-3c94c6571797;43;Portal de la Marina;2023-12-01;18:00:00;19:00:00;2809
ae2b6114-0ded-4bef-b0cb-3c94c6571797;43;Portal de la Marina;2023-12-01;19:00:00;20:00:00;2769
ae2b6114-0ded-4bef-b0cb-3c94c6571797;43;Portal de la Marina;2023-12-01;20:00:00;21:00:00;2157
ae2b6114-0ded-4bef-b0cb-3c94c6571797;43;Portal de la Marina;2023-12-01;21:00:00;22:00:00;1607
ae2b6114-0ded-4bef-b0cb-3c94c6571797;43;Portal de la Marina;2023-12-02;10:00:00;11:00:00;1859
ae2b6114-0ded-4bef-b0cb-3c94c6571797;43;Portal de la Marina;2023-12-02;11:00:00;12:00:00;2508
ae2b6114-0ded-4bef-b0cb-3c94c6571797;43;Portal de la Marina;2023-12-02;12:00:00;13:00:00;2947
ae2b6114-0ded-4bef-b0cb-3c94c6571797;43;Portal de la Marina;2023-12-02;13:00:00;14:00:00;3252
ae2b6114-0ded-4bef-b0cb-3c94c6571797;43;Portal de la Marina;2023-12-02;14:00:00;15:00:00;2822
ae2b6114-0ded-4bef-b0cb-3c94c6571797;43;Portal de la Marina;2023-12-02;15:00:00;16:00:00;2762
ae2b6114-0ded-4bef-b0cb-3c94c6571797;43;Portal de la Marina;2023-12-02;16:00:00;17:00:00;2998
ae2b6114-0ded-4bef-b0cb-3c94c6571797;43;Portal de la Marina;2023-12-02;17:00:00;18:00:00;3743
ae2b6114-0ded-4bef-b0cb-3c94c6571797;43;Portal de la Marina;2023-12-02;18:00:00;19:00:00;4146
ae2b6114-0ded-4bef-b0cb-3c94c6571797;43;Portal de la Marina;2023-12-02;19:00:00;20:00:00;4220
ae2b6114-0ded-4bef-b0cb-3c94c6571797;43;Portal de la Marina;2023-12-02;20:00:00;21:00:00;3451
ae2b6114-0ded-4bef-b0cb-3c94c6571797;43;Portal de la Marina;2023-12-02;21:00:00;22:00:00;2627
ae2b6114-0ded-4bef-b0cb-3c94c6571797;43;Portal de la Marina;2023-12-03;10:00:00;11:00:00;0
ae2b6114-0ded-4bef-b0cb-3c94c6571797;43;Portal de la Marina;2023-12-03;11:00:00;12:00:00;0
ae2b6114-0ded-4bef-b0cb-3c94c6571797;43;Portal de la Marina;2023-12-03;12:00:00;13:00:00;0
ae2b6114-0ded-4bef-b0cb-3c94c6571797;43;Portal de la Marina;2023-12-03;13:00:00;14:00:00;0
ae2b6114-0ded-4bef-b0cb-3c94c6571797;43;Portal de la Marina;2023-12-03;14:00:00;15:00:00;0
ae2b6114-0ded-4bef-b0cb-3c94c6571797;43;Portal de la Marina;2023-12-03;15:00:00;16:00:00;0
ae2b6114-0ded-4bef-b0cb-3c94c6571797;43;Portal de la Marina;2023-12-03;16:00:00;17:00:00;0
ae2b6114-0ded-4bef-b0cb-3c94c6571797;43;Portal de la Marina;2023-12-03;17:00:00;18:00:00;0
ae2b6114-0ded-4bef-b0cb-3c94c6571797;43;Portal de la Marina;2023-12-03;18:00:00;19:00:00;0
ae2b6114-0ded-4bef-b0cb-3c94c6571797;43;Portal de la Marina;2023-12-03;19:00:00;20:00:00;0
ae2b6114-0ded-4bef-b0cb-3c94c6571797;43;Portal de la Marina;2023-12-03;20:00:00;21:00:00;0
ae2b6114-0ded-4bef-b0cb-3c94c6571797;43;Portal de la Marina;2023-12-03;21:00:00;22:00:00;0
4173c481-8f24-413a-a53d-1432d966dddc;48;San Sebastián de los Reyes The Style Outlets;2023-11-27;10:00:00;11:00:00;2326
4173c481-8f24-413a-a53d-1432d966dddc;48;San Sebastián de los Reyes The Style Outlets;2023-11-27;11:00:00;12:00:00;1931
4173c481-8f24-413a-a53d-1432d966dddc;48;San Sebastián de los Reyes The Style Outlets;2023-11-27;12:00:00;13:00:00;1951
4173c481-8f24-413a-a53d-1432d966dddc;48;San Sebastián de los Reyes The Style Outlets;2023-11-27;13:00:00;14:00:00;1838
4173c481-8f24-413a-a53d-1432d966dddc;48;San Sebastián de los Reyes The Style Outlets;2023-11-27;14:00:00;15:00:00;1965
4173c481-8f24-413a-a53d-1432d966dddc;48;San Sebastián de los Reyes The Style Outlets;2023-11-27;15:00:00;16:00:00;1715
4173c481-8f24-413a-a53d-1432d966dddc;48;San Sebastián de los Reyes The Style Outlets;2023-11-27;16:00:00;17:00:00;1657
4173c481-8f24-413a-a53d-1432d966dddc;48;San Sebastián de los Reyes The Style Outlets;2023-11-27;17:00:00;18:00:00;2005
4173c481-8f24-413a-a53d-1432d966dddc;48;San Sebastián de los Reyes The Style Outlets;2023-11-27;18:00:00;19:00:00;2190
4173c481-8f24-413a-a53d-1432d966dddc;48;San Sebastián de los Reyes The Style Outlets;2023-11-27;19:00:00;20:00:00;1876
4173c481-8f24-413a-a53d-1432d966dddc;48;San Sebastián de los Reyes The Style Outlets;2023-11-27;20:00:00;21:00:00;1429
4173c481-8f24-413a-a53d-1432d966dddc;48;San Sebastián de los Reyes The Style Outlets;2023-11-27;21:00:00;22:00:00;1068
4173c481-8f24-413a-a53d-1432d966dddc;48;San Sebastián de los Reyes The Style Outlets;2023-11-28;10:00:00;11:00:00;2342
4173c481-8f24-413a-a53d-1432d966dddc;48;San Sebastián de los Reyes The Style Outlets;2023-11-28;11:00:00;12:00:00;2065
4173c481-8f24-413a-a53d-1432d966dddc;48;San Sebastián de los Reyes The Style Outlets;2023-11-28;12:00:00;13:00:00;2052
4173c481-8f24-413a-a53d-1432d966dddc;48;San Sebastián de los Reyes The Style Outlets;2023-11-28;13:00:00;14:00:00;2063
4173c481-8f24-413a-a53d-1432d966dddc;48;San Sebastián de los Reyes The Style Outlets;2023-11-28;14:00:00;15:00:00;2128
4173c481-8f24-413a-a53d-1432d966dddc;48;San Sebastián de los Reyes The Style Outlets;2023-11-28;15:00:00;16:00:00;1867
4173c481-8f24-413a-a53d-1432d966dddc;48;San Sebastián de los Reyes The Style Outlets;2023-11-28;16:00:00;17:00:00;1776
4173c481-8f24-413a-a53d-1432d966dddc;48;San Sebastián de los Reyes The Style Outlets;2023-11-28;17:00:00;18:00:00;2007
4173c481-8f24-413a-a53d-1432d966dddc;48;San Sebastián de los Reyes The Style Outlets;2023-11-28;18:00:00;19:00:00;2042
4173c481-8f24-413a-a53d-1432d966dddc;48;San Sebastián de los Reyes The Style Outlets;2023-11-28;19:00:00;20:00:00;1622
4173c481-8f24-413a-a53d-1432d966dddc;48;San Sebastián de los Reyes The Style Outlets;2023-11-28;20:00:00;21:00:00;1393
4173c481-8f24-413a-a53d-1432d966dddc;48;San Sebastián de los Reyes The Style Outlets;2023-11-28;21:00:00;22:00:00;1105
4173c481-8f24-413a-a53d-1432d966dddc;48;San Sebastián de los Reyes The Style Outlets;2023-11-29;10:00:00;11:00:00;2094
4173c481-8f24-413a-a53d-1432d966dddc;48;San Sebastián de los Reyes The Style Outlets;2023-11-29;11:00:00;12:00:00;1773
4173c481-8f24-413a-a53d-1432d966dddc;48;San Sebastián de los Reyes The Style Outlets;2023-11-29;12:00:00;13:00:00;1839
4173c481-8f24-413a-a53d-1432d966dddc;48;San Sebastián de los Reyes The Style Outlets;2023-11-29;13:00:00;14:00:00;1660
4173c481-8f24-413a-a53d-1432d966dddc;48;San Sebastián de los Reyes The Style Outlets;2023-11-29;14:00:00;15:00:00;1838
4173c481-8f24-413a-a53d-1432d966dddc;48;San Sebastián de los Reyes The Style Outlets;2023-11-29;15:00:00;16:00:00;1577
4173c481-8f24-413a-a53d-1432d966dddc;48;San Sebastián de los Reyes The Style Outlets;2023-11-29;16:00:00;17:00:00;1492
4173c481-8f24-413a-a53d-1432d966dddc;48;San Sebastián de los Reyes The Style Outlets;2023-11-29;17:00:00;18:00:00;1721
4173c481-8f24-413a-a53d-1432d966dddc;48;San Sebastián de los Reyes The Style Outlets;2023-11-29;18:00:00;19:00:00;2012
4173c481-8f24-413a-a53d-1432d966dddc;48;San Sebastián de los Reyes The Style Outlets;2023-11-29;19:00:00;20:00:00;1537
4173c481-8f24-413a-a53d-1432d966dddc;48;San Sebastián de los Reyes The Style Outlets;2023-11-29;20:00:00;21:00:00;1442
4173c481-8f24-413a-a53d-1432d966dddc;48;San Sebastián de los Reyes The Style Outlets;2023-11-29;21:00:00;22:00:00;1134
4173c481-8f24-413a-a53d-1432d966dddc;48;San Sebastián de los Reyes The Style Outlets;2023-11-30;10:00:00;11:00:00;2796
4173c481-8f24-413a-a53d-1432d966dddc;48;San Sebastián de los Reyes The Style Outlets;2023-11-30;11:00:00;12:00:00;2750
4173c481-8f24-413a-a53d-1432d966dddc;48;San Sebastián de los Reyes The Style Outlets;2023-11-30;12:00:00;13:00:00;2864
4173c481-8f24-413a-a53d-1432d966dddc;48;San Sebastián de los Reyes The Style Outlets;2023-11-30;13:00:00;14:00:00;2631
4173c481-8f24-413a-a53d-1432d966dddc;48;San Sebastián de los Reyes The Style Outlets;2023-11-30;14:00:00;15:00:00;2468
4173c481-8f24-413a-a53d-1432d966dddc;48;San Sebastián de los Reyes The Style Outlets;2023-11-30;15:00:00;16:00:00;2449
4173c481-8f24-413a-a53d-1432d966dddc;48;San Sebastián de los Reyes The Style Outlets;2023-11-30;16:00:00;17:00:00;2386
4173c481-8f24-413a-a53d-1432d966dddc;48;San Sebastián de los Reyes The Style Outlets;2023-11-30;17:00:00;18:00:00;2965
4173c481-8f24-413a-a53d-1432d966dddc;48;San Sebastián de los Reyes The Style Outlets;2023-11-30;18:00:00;19:00:00;3015
4173c481-8f24-413a-a53d-1432d966dddc;48;San Sebastián de los Reyes The Style Outlets;2023-11-30;19:00:00;20:00:00;2968
4173c481-8f24-413a-a53d-1432d966dddc;48;San Sebastián de los Reyes The Style Outlets;2023-11-30;20:00:00;21:00:00;2529
4173c481-8f24-413a-a53d-1432d966dddc;48;San Sebastián de los Reyes The Style Outlets;2023-11-30;21:00:00;22:00:00;1481
4173c481-8f24-413a-a53d-1432d966dddc;48;San Sebastián de los Reyes The Style Outlets;2023-12-01;10:00:00;11:00:00;2008
4173c481-8f24-413a-a53d-1432d966dddc;48;San Sebastián de los Reyes The Style Outlets;2023-12-01;11:00:00;12:00:00;1838
4173c481-8f24-413a-a53d-1432d966dddc;48;San Sebastián de los Reyes The Style Outlets;2023-12-01;12:00:00;13:00:00;1830
4173c481-8f24-413a-a53d-1432d966dddc;48;San Sebastián de los Reyes The Style Outlets;2023-12-01;13:00:00;14:00:00;1690
4173c481-8f24-413a-a53d-1432d966dddc;48;San Sebastián de los Reyes The Style Outlets;2023-12-01;14:00:00;15:00:00;1865
4173c481-8f24-413a-a53d-1432d966dddc;48;San Sebastián de los Reyes The Style Outlets;2023-12-01;15:00:00;16:00:00;1654
4173c481-8f24-413a-a53d-1432d966dddc;48;San Sebastián de los Reyes The Style Outlets;2023-12-01;16:00:00;17:00:00;1781
4173c481-8f24-413a-a53d-1432d966dddc;48;San Sebastián de los Reyes The Style Outlets;2023-12-01;17:00:00;18:00:00;2390
4173c481-8f24-413a-a53d-1432d966dddc;48;San Sebastián de los Reyes The Style Outlets;2023-12-01;18:00:00;19:00:00;2504
4173c481-8f24-413a-a53d-1432d966dddc;48;San Sebastián de los Reyes The Style Outlets;2023-12-01;19:00:00;20:00:00;2441
4173c481-8f24-413a-a53d-1432d966dddc;48;San Sebastián de los Reyes The Style Outlets;2023-12-01;20:00:00;21:00:00;1977
4173c481-8f24-413a-a53d-1432d966dddc;48;San Sebastián de los Reyes The Style Outlets;2023-12-01;21:00:00;22:00:00;1394
4173c481-8f24-413a-a53d-1432d966dddc;48;San Sebastián de los Reyes The Style Outlets;2023-12-02;10:00:00;11:00:00;1893
4173c481-8f24-413a-a53d-1432d966dddc;48;San Sebastián de los Reyes The Style Outlets;2023-12-02;11:00:00;12:00:00;2300
4173c481-8f24-413a-a53d-1432d966dddc;48;San Sebastián de los Reyes The Style Outlets;2023-12-02;12:00:00;13:00:00;2861
4173c481-8f24-413a-a53d-1432d966dddc;48;San Sebastián de los Reyes The Style Outlets;2023-12-02;13:00:00;14:00:00;2961
4173c481-8f24-413a-a53d-1432d966dddc;48;San Sebastián de los Reyes The Style Outlets;2023-12-02;14:00:00;15:00:00;2775
4173c481-8f24-413a-a53d-1432d966dddc;48;San Sebastián de los Reyes The Style Outlets;2023-12-02;15:00:00;16:00:00;2583
4173c481-8f24-413a-a53d-1432d966dddc;48;San Sebastián de los Reyes The Style Outlets;2023-12-02;16:00:00;17:00:00;2903
4173c481-8f24-413a-a53d-1432d966dddc;48;San Sebastián de los Reyes The Style Outlets;2023-12-02;17:00:00;18:00:00;3376
4173c481-8f24-413a-a53d-1432d966dddc;48;San Sebastián de los Reyes The Style Outlets;2023-12-02;18:00:00;19:00:00;3704
4173c481-8f24-413a-a53d-1432d966dddc;48;San Sebastián de los Reyes The Style Outlets;2023-12-02;19:00:00;20:00:00;3560
4173c481-8f24-413a-a53d-1432d966dddc;48;San Sebastián de los Reyes The Style Outlets;2023-12-02;20:00:00;21:00:00;2876
4173c481-8f24-413a-a53d-1432d966dddc;48;San Sebastián de los Reyes The Style Outlets;2023-12-02;21:00:00;22:00:00;1716
4173c481-8f24-413a-a53d-1432d966dddc;48;San Sebastián de los Reyes The Style Outlets;2023-12-03;10:00:00;11:00:00;1600
4173c481-8f24-413a-a53d-1432d966dddc;48;San Sebastián de los Reyes The Style Outlets;2023-12-03;11:00:00;12:00:00;2288
4173c481-8f24-413a-a53d-1432d966dddc;48;San Sebastián de los Reyes The Style Outlets;2023-12-03;12:00:00;13:00:00;3266
4173c481-8f24-413a-a53d-1432d966dddc;48;San Sebastián de los Reyes The Style Outlets;2023-12-03;13:00:00;14:00:00;3413
4173c481-8f24-413a-a53d-1432d966dddc;48;San Sebastián de los Reyes The Style Outlets;2023-12-03;14:00:00;15:00:00;3057
4173c481-8f24-413a-a53d-1432d966dddc;48;San Sebastián de los Reyes The Style Outlets;2023-12-03;15:00:00;16:00:00;2848
4173c481-8f24-413a-a53d-1432d966dddc;48;San Sebastián de los Reyes The Style Outlets;2023-12-03;16:00:00;17:00:00;3128
4173c481-8f24-413a-a53d-1432d966dddc;48;San Sebastián de los Reyes The Style Outlets;2023-12-03;17:00:00;18:00:00;3470
4173c481-8f24-413a-a53d-1432d966dddc;48;San Sebastián de los Reyes The Style Outlets;2023-12-03;18:00:00;19:00:00;3275
4173c481-8f24-413a-a53d-1432d966dddc;48;San Sebastián de los Reyes The Style Outlets;2023-12-03;19:00:00;20:00:00;2665
4173c481-8f24-413a-a53d-1432d966dddc;48;San Sebastián de los Reyes The Style Outlets;2023-12-03;20:00:00;21:00:00;1901
4173c481-8f24-413a-a53d-1432d966dddc;48;San Sebastián de los Reyes The Style Outlets;2023-12-03;21:00:00;22:00:00;1125
1ae5e620-424c-4dbe-8ec3-6dbd72584b9b;51;Valle Real;2023-11-27;10:00:00;11:00:00;1548
1ae5e620-424c-4dbe-8ec3-6dbd72584b9b;51;Valle Real;2023-11-27;11:00:00;12:00:00;2226
1ae5e620-424c-4dbe-8ec3-6dbd72584b9b;51;Valle Real;2023-11-27;12:00:00;13:00:00;2225
1ae5e620-424c-4dbe-8ec3-6dbd72584b9b;51;Valle Real;2023-11-27;13:00:00;14:00:00;2186
1ae5e620-424c-4dbe-8ec3-6dbd72584b9b;51;Valle Real;2023-11-27;14:00:00;15:00:00;1887
1ae5e620-424c-4dbe-8ec3-6dbd72584b9b;51;Valle Real;2023-11-27;15:00:00;16:00:00;2028
1ae5e620-424c-4dbe-8ec3-6dbd72584b9b;51;Valle Real;2023-11-27;16:00:00;17:00:00;2282
1ae5e620-424c-4dbe-8ec3-6dbd72584b9b;51;Valle Real;2023-11-27;17:00:00;18:00:00;2889
1ae5e620-424c-4dbe-8ec3-6dbd72584b9b;51;Valle Real;2023-11-27;18:00:00;19:00:00;3178
1ae5e620-424c-4dbe-8ec3-6dbd72584b9b;51;Valle Real;2023-11-27;19:00:00;20:00:00;3069
1ae5e620-424c-4dbe-8ec3-6dbd72584b9b;51;Valle Real;2023-11-27;20:00:00;21:00:00;2209
1ae5e620-424c-4dbe-8ec3-6dbd72584b9b;51;Valle Real;2023-11-27;21:00:00;22:00:00;1447
1ae5e620-424c-4dbe-8ec3-6dbd72584b9b;51;Valle Real;2023-11-28;10:00:00;11:00:00;1588
1ae5e620-424c-4dbe-8ec3-6dbd72584b9b;51;Valle Real;2023-11-28;11:00:00;12:00:00;1893
1ae5e620-424c-4dbe-8ec3-6dbd72584b9b;51;Valle Real;2023-11-28;12:00:00;13:00:00;1925
1ae5e620-424c-4dbe-8ec3-6dbd72584b9b;51;Valle Real;2023-11-28;13:00:00;14:00:00;2031
1ae5e620-424c-4dbe-8ec3-6dbd72584b9b;51;Valle Real;2023-11-28;14:00:00;15:00:00;1951
1ae5e620-424c-4dbe-8ec3-6dbd72584b9b;51;Valle Real;2023-11-28;15:00:00;16:00:00;1932
1ae5e620-424c-4dbe-8ec3-6dbd72584b9b;51;Valle Real;2023-11-28;16:00:00;17:00:00;2124
1ae5e620-424c-4dbe-8ec3-6dbd72584b9b;51;Valle Real;2023-11-28;17:00:00;18:00:00;2525
1ae5e620-424c-4dbe-8ec3-6dbd72584b9b;51;Valle Real;2023-11-28;18:00:00;19:00:00;2899
1ae5e620-424c-4dbe-8ec3-6dbd72584b9b;51;Valle Real;2023-11-28;19:00:00;20:00:00;2882
1ae5e620-424c-4dbe-8ec3-6dbd72584b9b;51;Valle Real;2023-11-28;20:00:00;21:00:00;2221
1ae5e620-424c-4dbe-8ec3-6dbd72584b9b;51;Valle Real;2023-11-28;21:00:00;22:00:00;1625
1ae5e620-424c-4dbe-8ec3-6dbd72584b9b;51;Valle Real;2023-11-29;10:00:00;11:00:00;1543
1ae5e620-424c-4dbe-8ec3-6dbd72584b9b;51;Valle Real;2023-11-29;11:00:00;12:00:00;1940
1ae5e620-424c-4dbe-8ec3-6dbd72584b9b;51;Valle Real;2023-11-29;12:00:00;13:00:00;2159
1ae5e620-424c-4dbe-8ec3-6dbd72584b9b;51;Valle Real;2023-11-29;13:00:00;14:00:00;2310
1ae5e620-424c-4dbe-8ec3-6dbd72584b9b;51;Valle Real;2023-11-29;14:00:00;15:00:00;2103
1ae5e620-424c-4dbe-8ec3-6dbd72584b9b;51;Valle Real;2023-11-29;15:00:00;16:00:00;1983
1ae5e620-424c-4dbe-8ec3-6dbd72584b9b;51;Valle Real;2023-11-29;16:00:00;17:00:00;2301
1ae5e620-424c-4dbe-8ec3-6dbd72584b9b;51;Valle Real;2023-11-29;17:00:00;18:00:00;2822
1ae5e620-424c-4dbe-8ec3-6dbd72584b9b;51;Valle Real;2023-11-29;18:00:00;19:00:00;3193
1ae5e620-424c-4dbe-8ec3-6dbd72584b9b;51;Valle Real;2023-11-29;19:00:00;20:00:00;3096
1ae5e620-424c-4dbe-8ec3-6dbd72584b9b;51;Valle Real;2023-11-29;20:00:00;21:00:00;2192
1ae5e620-424c-4dbe-8ec3-6dbd72584b9b;51;Valle Real;2023-11-29;21:00:00;22:00:00;1647
1ae5e620-424c-4dbe-8ec3-6dbd72584b9b;51;Valle Real;2023-11-30;10:00:00;11:00:00;1609
1ae5e620-424c-4dbe-8ec3-6dbd72584b9b;51;Valle Real;2023-11-30;11:00:00;12:00:00;2289
1ae5e620-424c-4dbe-8ec3-6dbd72584b9b;51;Valle Real;2023-11-30;12:00:00;13:00:00;2493
1ae5e620-424c-4dbe-8ec3-6dbd72584b9b;51;Valle Real;2023-11-30;13:00:00;14:00:00;2420
1ae5e620-424c-4dbe-8ec3-6dbd72584b9b;51;Valle Real;2023-11-30;14:00:00;15:00:00;2307
1ae5e620-424c-4dbe-8ec3-6dbd72584b9b;51;Valle Real;2023-11-30;15:00:00;16:00:00;2173
1ae5e620-424c-4dbe-8ec3-6dbd72584b9b;51;Valle Real;2023-11-30;16:00:00;17:00:00;2376
1ae5e620-424c-4dbe-8ec3-6dbd72584b9b;51;Valle Real;2023-11-30;17:00:00;18:00:00;2918
1ae5e620-424c-4dbe-8ec3-6dbd72584b9b;51;Valle Real;2023-11-30;18:00:00;19:00:00;3331
1ae5e620-424c-4dbe-8ec3-6dbd72584b9b;51;Valle Real;2023-11-30;19:00:00;20:00:00;3070
1ae5e620-424c-4dbe-8ec3-6dbd72584b9b;51;Valle Real;2023-11-30;20:00:00;21:00:00;2543
1ae5e620-424c-4dbe-8ec3-6dbd72584b9b;51;Valle Real;2023-11-30;21:00:00;22:00:00;1743
1ae5e620-424c-4dbe-8ec3-6dbd72584b9b;51;Valle Real;2023-12-01;10:00:00;11:00:00;1605
1ae5e620-424c-4dbe-8ec3-6dbd72584b9b;51;Valle Real;2023-12-01;11:00:00;12:00:00;2101
1ae5e620-424c-4dbe-8ec3-6dbd72584b9b;51;Valle Real;2023-12-01;12:00:00;13:00:00;2427
1ae5e620-424c-4dbe-8ec3-6dbd72584b9b;51;Valle Real;2023-12-01;13:00:00;14:00:00;2494
1ae5e620-424c-4dbe-8ec3-6dbd72584b9b;51;Valle Real;2023-12-01;14:00:00;15:00:00;2564
1ae5e620-424c-4dbe-8ec3-6dbd72584b9b;51;Valle Real;2023-12-01;15:00:00;16:00:00;2622
1ae5e620-424c-4dbe-8ec3-6dbd72584b9b;51;Valle Real;2023-12-01;16:00:00;17:00:00;3123
1ae5e620-424c-4dbe-8ec3-6dbd72584b9b;51;Valle Real;2023-12-01;17:00:00;18:00:00;3364
1ae5e620-424c-4dbe-8ec3-6dbd72584b9b;51;Valle Real;2023-12-01;18:00:00;19:00:00;3536
1ae5e620-424c-4dbe-8ec3-6dbd72584b9b;51;Valle Real;2023-12-01;19:00:00;20:00:00;3890
1ae5e620-424c-4dbe-8ec3-6dbd72584b9b;51;Valle Real;2023-12-01;20:00:00;21:00:00;3483
1ae5e620-424c-4dbe-8ec3-6dbd72584b9b;51;Valle Real;2023-12-01;21:00:00;22:00:00;2196
1ae5e620-424c-4dbe-8ec3-6dbd72584b9b;51;Valle Real;2023-12-02;10:00:00;11:00:00;1387
1ae5e620-424c-4dbe-8ec3-6dbd72584b9b;51;Valle Real;2023-12-02;11:00:00;12:00:00;2270
1ae5e620-424c-4dbe-8ec3-6dbd72584b9b;51;Valle Real;2023-12-02;12:00:00;13:00:00;3572
1ae5e620-424c-4dbe-8ec3-6dbd72584b9b;51;Valle Real;2023-12-02;13:00:00;14:00:00;4416
1ae5e620-424c-4dbe-8ec3-6dbd72584b9b;51;Valle Real;2023-12-02;14:00:00;15:00:00;3867
1ae5e620-424c-4dbe-8ec3-6dbd72584b9b;51;Valle Real;2023-12-02;15:00:00;16:00:00;3439
1ae5e620-424c-4dbe-8ec3-6dbd72584b9b;51;Valle Real;2023-12-02;16:00:00;17:00:00;4005
1ae5e620-424c-4dbe-8ec3-6dbd72584b9b;51;Valle Real;2023-12-02;17:00:00;18:00:00;4732
1ae5e620-424c-4dbe-8ec3-6dbd72584b9b;51;Valle Real;2023-12-02;18:00:00;19:00:00;5711
1ae5e620-424c-4dbe-8ec3-6dbd72584b9b;51;Valle Real;2023-12-02;19:00:00;20:00:00;5634
1ae5e620-424c-4dbe-8ec3-6dbd72584b9b;51;Valle Real;2023-12-02;20:00:00;21:00:00;4650
1ae5e620-424c-4dbe-8ec3-6dbd72584b9b;51;Valle Real;2023-12-02;21:00:00;22:00:00;3536
1ae5e620-424c-4dbe-8ec3-6dbd72584b9b;51;Valle Real;2023-12-03;10:00:00;11:00:00;0
1ae5e620-424c-4dbe-8ec3-6dbd72584b9b;51;Valle Real;2023-12-03;11:00:00;12:00:00;0
1ae5e620-424c-4dbe-8ec3-6dbd72584b9b;51;Valle Real;2023-12-03;12:00:00;13:00:00;0
1ae5e620-424c-4dbe-8ec3-6dbd72584b9b;51;Valle Real;2023-12-03;13:00:00;14:00:00;0
1ae5e620-424c-4dbe-8ec3-6dbd72584b9b;51;Valle Real;2023-12-03;14:00:00;15:00:00;0
1ae5e620-424c-4dbe-8ec3-6dbd72584b9b;51;Valle Real;2023-12-03;15:00:00;16:00:00;0
1ae5e620-424c-4dbe-8ec3-6dbd72584b9b;51;Valle Real;2023-12-03;16:00:00;17:00:00;0
1ae5e620-424c-4dbe-8ec3-6dbd72584b9b;51;Valle Real;2023-12-03;17:00:00;18:00:00;0
1ae5e620-424c-4dbe-8ec3-6dbd72584b9b;51;Valle Real;2023-12-03;18:00:00;19:00:00;0
1ae5e620-424c-4dbe-8ec3-6dbd72584b9b;51;Valle Real;2023-12-03;19:00:00;20:00:00;0
1ae5e620-424c-4dbe-8ec3-6dbd72584b9b;51;Valle Real;2023-12-03;20:00:00;21:00:00;0
1ae5e620-424c-4dbe-8ec3-6dbd72584b9b;51;Valle Real;2023-12-03;21:00:00;22:00:00;0
c42f0753-e80d-4354-abe3-9e7fe5dd7600;54;Zubiarte;2023-11-27;10:00:00;11:00:00;1681
c42f0753-e80d-4354-abe3-9e7fe5dd7600;54;Zubiarte;2023-11-27;11:00:00;12:00:00;2448
c42f0753-e80d-4354-abe3-9e7fe5dd7600;54;Zubiarte;2023-11-27;12:00:00;13:00:00;2430
c42f0753-e80d-4354-abe3-9e7fe5dd7600;54;Zubiarte;2023-11-27;13:00:00;14:00:00;2248
c42f0753-e80d-4354-abe3-9e7fe5dd7600;54;Zubiarte;2023-11-27;14:00:00;15:00:00;2635
c42f0753-e80d-4354-abe3-9e7fe5dd7600;54;Zubiarte;2023-11-27;15:00:00;16:00:00;2329
c42f0753-e80d-4354-abe3-9e7fe5dd7600;54;Zubiarte;2023-11-27;16:00:00;17:00:00;1976
c42f0753-e80d-4354-abe3-9e7fe5dd7600;54;Zubiarte;2023-11-27;17:00:00;18:00:00;1963
c42f0753-e80d-4354-abe3-9e7fe5dd7600;54;Zubiarte;2023-11-27;18:00:00;19:00:00;2108
c42f0753-e80d-4354-abe3-9e7fe5dd7600;54;Zubiarte;2023-11-27;19:00:00;20:00:00;1833
c42f0753-e80d-4354-abe3-9e7fe5dd7600;54;Zubiarte;2023-11-27;20:00:00;21:00:00;1152
c42f0753-e80d-4354-abe3-9e7fe5dd7600;54;Zubiarte;2023-11-27;21:00:00;22:00:00;629
c42f0753-e80d-4354-abe3-9e7fe5dd7600;54;Zubiarte;2023-11-28;10:00:00;11:00:00;2119
c42f0753-e80d-4354-abe3-9e7fe5dd7600;54;Zubiarte;2023-11-28;11:00:00;12:00:00;2352
c42f0753-e80d-4354-abe3-9e7fe5dd7600;54;Zubiarte;2023-11-28;12:00:00;13:00:00;2303
c42f0753-e80d-4354-abe3-9e7fe5dd7600;54;Zubiarte;2023-11-28;13:00:00;14:00:00;2230
c42f0753-e80d-4354-abe3-9e7fe5dd7600;54;Zubiarte;2023-11-28;14:00:00;15:00:00;2438
c42f0753-e80d-4354-abe3-9e7fe5dd7600;54;Zubiarte;2023-11-28;15:00:00;16:00:00;2067
c42f0753-e80d-4354-abe3-9e7fe5dd7600;54;Zubiarte;2023-11-28;16:00:00;17:00:00;1967
c42f0753-e80d-4354-abe3-9e7fe5dd7600;54;Zubiarte;2023-11-28;17:00:00;18:00:00;2143
c42f0753-e80d-4354-abe3-9e7fe5dd7600;54;Zubiarte;2023-11-28;18:00:00;19:00:00;2255
c42f0753-e80d-4354-abe3-9e7fe5dd7600;54;Zubiarte;2023-11-28;19:00:00;20:00:00;2237
c42f0753-e80d-4354-abe3-9e7fe5dd7600;54;Zubiarte;2023-11-28;20:00:00;21:00:00;1260
c42f0753-e80d-4354-abe3-9e7fe5dd7600;54;Zubiarte;2023-11-28;21:00:00;22:00:00;880
c42f0753-e80d-4354-abe3-9e7fe5dd7600;54;Zubiarte;2023-11-29;10:00:00;11:00:00;2196
c42f0753-e80d-4354-abe3-9e7fe5dd7600;54;Zubiarte;2023-11-29;11:00:00;12:00:00;2468
c42f0753-e80d-4354-abe3-9e7fe5dd7600;54;Zubiarte;2023-11-29;12:00:00;13:00:00;2751
c42f0753-e80d-4354-abe3-9e7fe5dd7600;54;Zubiarte;2023-11-29;13:00:00;14:00:00;2737
c42f0753-e80d-4354-abe3-9e7fe5dd7600;54;Zubiarte;2023-11-29;14:00:00;15:00:00;2511
c42f0753-e80d-4354-abe3-9e7fe5dd7600;54;Zubiarte;2023-11-29;15:00:00;16:00:00;2013
c42f0753-e80d-4354-abe3-9e7fe5dd7600;54;Zubiarte;2023-11-29;16:00:00;17:00:00;2463
c42f0753-e80d-4354-abe3-9e7fe5dd7600;54;Zubiarte;2023-11-29;17:00:00;18:00:00;2549
c42f0753-e80d-4354-abe3-9e7fe5dd7600;54;Zubiarte;2023-11-29;18:00:00;19:00:00;2288
c42f0753-e80d-4354-abe3-9e7fe5dd7600;54;Zubiarte;2023-11-29;19:00:00;20:00:00;2593
c42f0753-e80d-4354-abe3-9e7fe5dd7600;54;Zubiarte;2023-11-29;20:00:00;21:00:00;1920
c42f0753-e80d-4354-abe3-9e7fe5dd7600;54;Zubiarte;2023-11-29;21:00:00;22:00:00;1436
c42f0753-e80d-4354-abe3-9e7fe5dd7600;54;Zubiarte;2023-11-30;10:00:00;11:00:00;1971
c42f0753-e80d-4354-abe3-9e7fe5dd7600;54;Zubiarte;2023-11-30;11:00:00;12:00:00;2426
c42f0753-e80d-4354-abe3-9e7fe5dd7600;54;Zubiarte;2023-11-30;12:00:00;13:00:00;2341
c42f0753-e80d-4354-abe3-9e7fe5dd7600;54;Zubiarte;2023-11-30;13:00:00;14:00:00;2784
c42f0753-e80d-4354-abe3-9e7fe5dd7600;54;Zubiarte;2023-11-30;14:00:00;15:00:00;2647
c42f0753-e80d-4354-abe3-9e7fe5dd7600;54;Zubiarte;2023-11-30;15:00:00;16:00:00;2452
c42f0753-e80d-4354-abe3-9e7fe5dd7600;54;Zubiarte;2023-11-30;16:00:00;17:00:00;2033
c42f0753-e80d-4354-abe3-9e7fe5dd7600;54;Zubiarte;2023-11-30;17:00:00;18:00:00;1901
c42f0753-e80d-4354-abe3-9e7fe5dd7600;54;Zubiarte;2023-11-30;18:00:00;19:00:00;2320
c42f0753-e80d-4354-abe3-9e7fe5dd7600;54;Zubiarte;2023-11-30;19:00:00;20:00:00;1847
c42f0753-e80d-4354-abe3-9e7fe5dd7600;54;Zubiarte;2023-11-30;20:00:00;21:00:00;1400
c42f0753-e80d-4354-abe3-9e7fe5dd7600;54;Zubiarte;2023-11-30;21:00:00;22:00:00;1143
c42f0753-e80d-4354-abe3-9e7fe5dd7600;54;Zubiarte;2023-12-01;10:00:00;11:00:00;1516
c42f0753-e80d-4354-abe3-9e7fe5dd7600;54;Zubiarte;2023-12-01;11:00:00;12:00:00;1887
c42f0753-e80d-4354-abe3-9e7fe5dd7600;54;Zubiarte;2023-12-01;12:00:00;13:00:00;1921
c42f0753-e80d-4354-abe3-9e7fe5dd7600;54;Zubiarte;2023-12-01;13:00:00;14:00:00;2087
c42f0753-e80d-4354-abe3-9e7fe5dd7600;54;Zubiarte;2023-12-01;14:00:00;15:00:00;2227
c42f0753-e80d-4354-abe3-9e7fe5dd7600;54;Zubiarte;2023-12-01;15:00:00;16:00:00;1609
c42f0753-e80d-4354-abe3-9e7fe5dd7600;54;Zubiarte;2023-12-01;16:00:00;17:00:00;1953
c42f0753-e80d-4354-abe3-9e7fe5dd7600;54;Zubiarte;2023-12-01;17:00:00;18:00:00;1980
c42f0753-e80d-4354-abe3-9e7fe5dd7600;54;Zubiarte;2023-12-01;18:00:00;19:00:00;1750
c42f0753-e80d-4354-abe3-9e7fe5dd7600;54;Zubiarte;2023-12-01;19:00:00;20:00:00;2046
c42f0753-e80d-4354-abe3-9e7fe5dd7600;54;Zubiarte;2023-12-01;20:00:00;21:00:00;1619
c42f0753-e80d-4354-abe3-9e7fe5dd7600;54;Zubiarte;2023-12-01;21:00:00;22:00:00;1397
c42f0753-e80d-4354-abe3-9e7fe5dd7600;54;Zubiarte;2023-12-02;10:00:00;11:00:00;775
c42f0753-e80d-4354-abe3-9e7fe5dd7600;54;Zubiarte;2023-12-02;11:00:00;12:00:00;1114
c42f0753-e80d-4354-abe3-9e7fe5dd7600;54;Zubiarte;2023-12-02;12:00:00;13:00:00;1656
c42f0753-e80d-4354-abe3-9e7fe5dd7600;54;Zubiarte;2023-12-02;13:00:00;14:00:00;2189
c42f0753-e80d-4354-abe3-9e7fe5dd7600;54;Zubiarte;2023-12-02;14:00:00;15:00:00;2621
c42f0753-e80d-4354-abe3-9e7fe5dd7600;54;Zubiarte;2023-12-02;15:00:00;16:00:00;3146
c42f0753-e80d-4354-abe3-9e7fe5dd7600;54;Zubiarte;2023-12-02;16:00:00;17:00:00;2652
c42f0753-e80d-4354-abe3-9e7fe5dd7600;54;Zubiarte;2023-12-02;17:00:00;18:00:00;2788
c42f0753-e80d-4354-abe3-9e7fe5dd7600;54;Zubiarte;2023-12-02;18:00:00;19:00:00;3895
c42f0753-e80d-4354-abe3-9e7fe5dd7600;54;Zubiarte;2023-12-02;19:00:00;20:00:00;3602
c42f0753-e80d-4354-abe3-9e7fe5dd7600;54;Zubiarte;2023-12-02;20:00:00;21:00:00;3261
c42f0753-e80d-4354-abe3-9e7fe5dd7600;54;Zubiarte;2023-12-02;21:00:00;22:00:00;2680
c42f0753-e80d-4354-abe3-9e7fe5dd7600;54;Zubiarte;2023-12-03;10:00:00;11:00:00;652
c42f0753-e80d-4354-abe3-9e7fe5dd7600;54;Zubiarte;2023-12-03;11:00:00;12:00:00;840
c42f0753-e80d-4354-abe3-9e7fe5dd7600;54;Zubiarte;2023-12-03;12:00:00;13:00:00;1167
c42f0753-e80d-4354-abe3-9e7fe5dd7600;54;Zubiarte;2023-12-03;13:00:00;14:00:00;1222
c42f0753-e80d-4354-abe3-9e7fe5dd7600;54;Zubiarte;2023-12-03;14:00:00;15:00:00;1178
c42f0753-e80d-4354-abe3-9e7fe5dd7600;54;Zubiarte;2023-12-03;15:00:00;16:00:00;935
c42f0753-e80d-4354-abe3-9e7fe5dd7600;54;Zubiarte;2023-12-03;16:00:00;17:00:00;1191
c42f0753-e80d-4354-abe3-9e7fe5dd7600;54;Zubiarte;2023-12-03;17:00:00;18:00:00;1245
c42f0753-e80d-4354-abe3-9e7fe5dd7600;54;Zubiarte;2023-12-03;18:00:00;19:00:00;1205
c42f0753-e80d-4354-abe3-9e7fe5dd7600;54;Zubiarte;2023-12-03;19:00:00;20:00:00;1083
c42f0753-e80d-4354-abe3-9e7fe5dd7600;54;Zubiarte;2023-12-03;20:00:00;21:00:00;1177
c42f0753-e80d-4354-abe3-9e7fe5dd7600;54;Zubiarte;2023-12-03;21:00:00;22:00:00;928
d04597e6-51fd-457d-a302-12e381a71361;7;Ànecblau;2023-11-27;10:00:00;11:00:00;1781
d04597e6-51fd-457d-a302-12e381a71361;7;Ànecblau;2023-11-27;11:00:00;12:00:00;1922
d04597e6-51fd-457d-a302-12e381a71361;7;Ànecblau;2023-11-27;12:00:00;13:00:00;1998
d04597e6-51fd-457d-a302-12e381a71361;7;Ànecblau;2023-11-27;13:00:00;14:00:00;1931
d04597e6-51fd-457d-a302-12e381a71361;7;Ànecblau;2023-11-27;14:00:00;15:00:00;1957
d04597e6-51fd-457d-a302-12e381a71361;7;Ànecblau;2023-11-27;15:00:00;16:00:00;2064
d04597e6-51fd-457d-a302-12e381a71361;7;Ànecblau;2023-11-27;16:00:00;17:00:00;1939
d04597e6-51fd-457d-a302-12e381a71361;7;Ànecblau;2023-11-27;17:00:00;18:00:00;2250
d04597e6-51fd-457d-a302-12e381a71361;7;Ànecblau;2023-11-27;18:00:00;19:00:00;2561
d04597e6-51fd-457d-a302-12e381a71361;7;Ànecblau;2023-11-27;19:00:00;20:00:00;2162
d04597e6-51fd-457d-a302-12e381a71361;7;Ànecblau;2023-11-27;20:00:00;21:00:00;2071
d04597e6-51fd-457d-a302-12e381a71361;7;Ànecblau;2023-11-27;21:00:00;22:00:00;1785
d04597e6-51fd-457d-a302-12e381a71361;7;Ànecblau;2023-11-28;10:00:00;11:00:00;1906
d04597e6-51fd-457d-a302-12e381a71361;7;Ànecblau;2023-11-28;11:00:00;12:00:00;2117
d04597e6-51fd-457d-a302-12e381a71361;7;Ànecblau;2023-11-28;12:00:00;13:00:00;2120
d04597e6-51fd-457d-a302-12e381a71361;7;Ànecblau;2023-11-28;13:00:00;14:00:00;1887
d04597e6-51fd-457d-a302-12e381a71361;7;Ànecblau;2023-11-28;14:00:00;15:00:00;1643
d04597e6-51fd-457d-a302-12e381a71361;7;Ànecblau;2023-11-28;15:00:00;16:00:00;1692
d04597e6-51fd-457d-a302-12e381a71361;7;Ànecblau;2023-11-28;16:00:00;17:00:00;1717
d04597e6-51fd-457d-a302-12e381a71361;7;Ànecblau;2023-11-28;17:00:00;18:00:00;1833
d04597e6-51fd-457d-a302-12e381a71361;7;Ànecblau;2023-11-28;18:00:00;19:00:00;2113
d04597e6-51fd-457d-a302-12e381a71361;7;Ànecblau;2023-11-28;19:00:00;20:00:00;2453
d04597e6-51fd-457d-a302-12e381a71361;7;Ànecblau;2023-11-28;20:00:00;21:00:00;2283
d04597e6-51fd-457d-a302-12e381a71361;7;Ànecblau;2023-11-28;21:00:00;22:00:00;1863
d04597e6-51fd-457d-a302-12e381a71361;7;Ànecblau;2023-11-29;10:00:00;11:00:00;1914
d04597e6-51fd-457d-a302-12e381a71361;7;Ànecblau;2023-11-29;11:00:00;12:00:00;1791
d04597e6-51fd-457d-a302-12e381a71361;7;Ànecblau;2023-11-29;12:00:00;13:00:00;1800
d04597e6-51fd-457d-a302-12e381a71361;7;Ànecblau;2023-11-29;13:00:00;14:00:00;1715
d04597e6-51fd-457d-a302-12e381a71361;7;Ànecblau;2023-11-29;14:00:00;15:00:00;1887
d04597e6-51fd-457d-a302-12e381a71361;7;Ànecblau;2023-11-29;15:00:00;16:00:00;1840
d04597e6-51fd-457d-a302-12e381a71361;7;Ànecblau;2023-11-29;16:00:00;17:00:00;1858
d04597e6-51fd-457d-a302-12e381a71361;7;Ànecblau;2023-11-29;17:00:00;18:00:00;2141
d04597e6-51fd-457d-a302-12e381a71361;7;Ànecblau;2023-11-29;18:00:00;19:00:00;2004
d04597e6-51fd-457d-a302-12e381a71361;7;Ànecblau;2023-11-29;19:00:00;20:00:00;2174
d04597e6-51fd-457d-a302-12e381a71361;7;Ànecblau;2023-11-29;20:00:00;21:00:00;1990
d04597e6-51fd-457d-a302-12e381a71361;7;Ànecblau;2023-11-29;21:00:00;22:00:00;1788
d04597e6-51fd-457d-a302-12e381a71361;7;Ànecblau;2023-11-30;10:00:00;11:00:00;1916
d04597e6-51fd-457d-a302-12e381a71361;7;Ànecblau;2023-11-30;11:00:00;12:00:00;1753
d04597e6-51fd-457d-a302-12e381a71361;7;Ànecblau;2023-11-30;12:00:00;13:00:00;1836
d04597e6-51fd-457d-a302-12e381a71361;7;Ànecblau;2023-11-30;13:00:00;14:00:00;1857
d04597e6-51fd-457d-a302-12e381a71361;7;Ànecblau;2023-11-30;14:00:00;15:00:00;2062
d04597e6-51fd-457d-a302-12e381a71361;7;Ànecblau;2023-11-30;15:00:00;16:00:00;1890
d04597e6-51fd-457d-a302-12e381a71361;7;Ànecblau;2023-11-30;16:00:00;17:00:00;2042
d04597e6-51fd-457d-a302-12e381a71361;7;Ànecblau;2023-11-30;17:00:00;18:00:00;2205
d04597e6-51fd-457d-a302-12e381a71361;7;Ànecblau;2023-11-30;18:00:00;19:00:00;2129
d04597e6-51fd-457d-a302-12e381a71361;7;Ànecblau;2023-11-30;19:00:00;20:00:00;2077
d04597e6-51fd-457d-a302-12e381a71361;7;Ànecblau;2023-11-30;20:00:00;21:00:00;2358
d04597e6-51fd-457d-a302-12e381a71361;7;Ànecblau;2023-11-30;21:00:00;22:00:00;2123
d04597e6-51fd-457d-a302-12e381a71361;7;Ànecblau;2023-12-01;10:00:00;11:00:00;2069
d04597e6-51fd-457d-a302-12e381a71361;7;Ànecblau;2023-12-01;11:00:00;12:00:00;2095
d04597e6-51fd-457d-a302-12e381a71361;7;Ànecblau;2023-12-01;12:00:00;13:00:00;2073
d04597e6-51fd-457d-a302-12e381a71361;7;Ànecblau;2023-12-01;13:00:00;14:00:00;2229
d04597e6-51fd-457d-a302-12e381a71361;7;Ànecblau;2023-12-01;14:00:00;15:00:00;2129
d04597e6-51fd-457d-a302-12e381a71361;7;Ànecblau;2023-12-01;15:00:00;16:00:00;2151
d04597e6-51fd-457d-a302-12e381a71361;7;Ànecblau;2023-12-01;16:00:00;17:00:00;2295
d04597e6-51fd-457d-a302-12e381a71361;7;Ànecblau;2023-12-01;17:00:00;18:00:00;2654
d04597e6-51fd-457d-a302-12e381a71361;7;Ànecblau;2023-12-01;18:00:00;19:00:00;2749
d04597e6-51fd-457d-a302-12e381a71361;7;Ànecblau;2023-12-01;19:00:00;20:00:00;2694
d04597e6-51fd-457d-a302-12e381a71361;7;Ànecblau;2023-12-01;20:00:00;21:00:00;3000
d04597e6-51fd-457d-a302-12e381a71361;7;Ànecblau;2023-12-01;21:00:00;22:00:00;2889
d04597e6-51fd-457d-a302-12e381a71361;7;Ànecblau;2023-12-02;10:00:00;11:00:00;1814
d04597e6-51fd-457d-a302-12e381a71361;7;Ànecblau;2023-12-02;11:00:00;12:00:00;2070
d04597e6-51fd-457d-a302-12e381a71361;7;Ànecblau;2023-12-02;12:00:00;13:00:00;2067
d04597e6-51fd-457d-a302-12e381a71361;7;Ànecblau;2023-12-02;13:00:00;14:00:00;2185
d04597e6-51fd-457d-a302-12e381a71361;7;Ànecblau;2023-12-02;14:00:00;15:00:00;2232
d04597e6-51fd-457d-a302-12e381a71361;7;Ànecblau;2023-12-02;15:00:00;16:00:00;2367
d04597e6-51fd-457d-a302-12e381a71361;7;Ànecblau;2023-12-02;16:00:00;17:00:00;2323
d04597e6-51fd-457d-a302-12e381a71361;7;Ànecblau;2023-12-02;17:00:00;18:00:00;2296
d04597e6-51fd-457d-a302-12e381a71361;7;Ànecblau;2023-12-02;18:00:00;19:00:00;2500
d04597e6-51fd-457d-a302-12e381a71361;7;Ànecblau;2023-12-02;19:00:00;20:00:00;2743
d04597e6-51fd-457d-a302-12e381a71361;7;Ànecblau;2023-12-02;20:00:00;21:00:00;2776
d04597e6-51fd-457d-a302-12e381a71361;7;Ànecblau;2023-12-02;21:00:00;22:00:00;2415
d04597e6-51fd-457d-a302-12e381a71361;7;Ànecblau;2023-12-03;10:00:00;11:00:00;2207
d04597e6-51fd-457d-a302-12e381a71361;7;Ànecblau;2023-12-03;11:00:00;12:00:00;2465
d04597e6-51fd-457d-a302-12e381a71361;7;Ànecblau;2023-12-03;12:00:00;13:00:00;2680
d04597e6-51fd-457d-a302-12e381a71361;7;Ànecblau;2023-12-03;13:00:00;14:00:00;3117
d04597e6-51fd-457d-a302-12e381a71361;7;Ànecblau;2023-12-03;14:00:00;15:00:00;3246
d04597e6-51fd-457d-a302-12e381a71361;7;Ànecblau;2023-12-03;15:00:00;16:00:00;3059
d04597e6-51fd-457d-a302-12e381a71361;7;Ànecblau;2023-12-03;16:00:00;17:00:00;2667
d04597e6-51fd-457d-a302-12e381a71361;7;Ànecblau;2023-12-03;17:00:00;18:00:00;3078
d04597e6-51fd-457d-a302-12e381a71361;7;Ànecblau;2023-12-03;18:00:00;19:00:00;3442
d04597e6-51fd-457d-a302-12e381a71361;7;Ànecblau;2023-12-03;19:00:00;20:00:00;3189
d04597e6-51fd-457d-a302-12e381a71361;7;Ànecblau;2023-12-03;20:00:00;21:00:00;2564
d04597e6-51fd-457d-a302-12e381a71361;7;Ànecblau;2023-12-03;21:00:00;22:00:00;2106
c52d5f56-1f93-40dd-a167-d60d9a103807;55;Área Sur;2023-11-27;10:00:00;11:00:00;1383
c52d5f56-1f93-40dd-a167-d60d9a103807;55;Área Sur;2023-11-27;11:00:00;12:00:00;2389
c52d5f56-1f93-40dd-a167-d60d9a103807;55;Área Sur;2023-11-27;12:00:00;13:00:00;2685
c52d5f56-1f93-40dd-a167-d60d9a103807;55;Área Sur;2023-11-27;13:00:00;14:00:00;2348
c52d5f56-1f93-40dd-a167-d60d9a103807;55;Área Sur;2023-11-27;14:00:00;15:00:00;1925
c52d5f56-1f93-40dd-a167-d60d9a103807;55;Área Sur;2023-11-27;15:00:00;16:00:00;2112
c52d5f56-1f93-40dd-a167-d60d9a103807;55;Área Sur;2023-11-27;16:00:00;17:00:00;2300
c52d5f56-1f93-40dd-a167-d60d9a103807;55;Área Sur;2023-11-27;17:00:00;18:00:00;2381
c52d5f56-1f93-40dd-a167-d60d9a103807;55;Área Sur;2023-11-27;18:00:00;19:00:00;2891
c52d5f56-1f93-40dd-a167-d60d9a103807;55;Área Sur;2023-11-27;19:00:00;20:00:00;3568
c52d5f56-1f93-40dd-a167-d60d9a103807;55;Área Sur;2023-11-27;20:00:00;21:00:00;3074
c52d5f56-1f93-40dd-a167-d60d9a103807;55;Área Sur;2023-11-27;21:00:00;22:00:00;1638
c52d5f56-1f93-40dd-a167-d60d9a103807;55;Área Sur;2023-11-28;10:00:00;11:00:00;1480
c52d5f56-1f93-40dd-a167-d60d9a103807;55;Área Sur;2023-11-28;11:00:00;12:00:00;2460
c52d5f56-1f93-40dd-a167-d60d9a103807;55;Área Sur;2023-11-28;12:00:00;13:00:00;2661
c52d5f56-1f93-40dd-a167-d60d9a103807;55;Área Sur;2023-11-28;13:00:00;14:00:00;2190
c52d5f56-1f93-40dd-a167-d60d9a103807;55;Área Sur;2023-11-28;14:00:00;15:00:00;1889
c52d5f56-1f93-40dd-a167-d60d9a103807;55;Área Sur;2023-11-28;15:00:00;16:00:00;1646
c52d5f56-1f93-40dd-a167-d60d9a103807;55;Área Sur;2023-11-28;16:00:00;17:00:00;2044
c52d5f56-1f93-40dd-a167-d60d9a103807;55;Área Sur;2023-11-28;17:00:00;18:00:00;2202
c52d5f56-1f93-40dd-a167-d60d9a103807;55;Área Sur;2023-11-28;18:00:00;19:00:00;2713
c52d5f56-1f93-40dd-a167-d60d9a103807;55;Área Sur;2023-11-28;19:00:00;20:00:00;2596
c52d5f56-1f93-40dd-a167-d60d9a103807;55;Área Sur;2023-11-28;20:00:00;21:00:00;2324
c52d5f56-1f93-40dd-a167-d60d9a103807;55;Área Sur;2023-11-28;21:00:00;22:00:00;1467
c52d5f56-1f93-40dd-a167-d60d9a103807;55;Área Sur;2023-11-29;10:00:00;11:00:00;1396
c52d5f56-1f93-40dd-a167-d60d9a103807;55;Área Sur;2023-11-29;11:00:00;12:00:00;2494
c52d5f56-1f93-40dd-a167-d60d9a103807;55;Área Sur;2023-11-29;12:00:00;13:00:00;2807
c52d5f56-1f93-40dd-a167-d60d9a103807;55;Área Sur;2023-11-29;13:00:00;14:00:00;2975
c52d5f56-1f93-40dd-a167-d60d9a103807;55;Área Sur;2023-11-29;14:00:00;15:00:00;2273
c52d5f56-1f93-40dd-a167-d60d9a103807;55;Área Sur;2023-11-29;15:00:00;16:00:00;1824
c52d5f56-1f93-40dd-a167-d60d9a103807;55;Área Sur;2023-11-29;16:00:00;17:00:00;2571
c52d5f56-1f93-40dd-a167-d60d9a103807;55;Área Sur;2023-11-29;17:00:00;18:00:00;3541
c52d5f56-1f93-40dd-a167-d60d9a103807;55;Área Sur;2023-11-29;18:00:00;19:00:00;3654
c52d5f56-1f93-40dd-a167-d60d9a103807;55;Área Sur;2023-11-29;19:00:00;20:00:00;3325
c52d5f56-1f93-40dd-a167-d60d9a103807;55;Área Sur;2023-11-29;20:00:00;21:00:00;3046
c52d5f56-1f93-40dd-a167-d60d9a103807;55;Área Sur;2023-11-29;21:00:00;22:00:00;1742
c52d5f56-1f93-40dd-a167-d60d9a103807;55;Área Sur;2023-11-30;10:00:00;11:00:00;1521
c52d5f56-1f93-40dd-a167-d60d9a103807;55;Área Sur;2023-11-30;11:00:00;12:00:00;2940
c52d5f56-1f93-40dd-a167-d60d9a103807;55;Área Sur;2023-11-30;12:00:00;13:00:00;3627
c52d5f56-1f93-40dd-a167-d60d9a103807;55;Área Sur;2023-11-30;13:00:00;14:00:00;3260
c52d5f56-1f93-40dd-a167-d60d9a103807;55;Área Sur;2023-11-30;14:00:00;15:00:00;2638
c52d5f56-1f93-40dd-a167-d60d9a103807;55;Área Sur;2023-11-30;15:00:00;16:00:00;1945
c52d5f56-1f93-40dd-a167-d60d9a103807;55;Área Sur;2023-11-30;16:00:00;17:00:00;2432
c52d5f56-1f93-40dd-a167-d60d9a103807;55;Área Sur;2023-11-30;17:00:00;18:00:00;3488
c52d5f56-1f93-40dd-a167-d60d9a103807;55;Área Sur;2023-11-30;18:00:00;19:00:00;3567
c52d5f56-1f93-40dd-a167-d60d9a103807;55;Área Sur;2023-11-30;19:00:00;20:00:00;3905
c52d5f56-1f93-40dd-a167-d60d9a103807;55;Área Sur;2023-11-30;20:00:00;21:00:00;3361
c52d5f56-1f93-40dd-a167-d60d9a103807;55;Área Sur;2023-11-30;21:00:00;22:00:00;2478
c52d5f56-1f93-40dd-a167-d60d9a103807;55;Área Sur;2023-12-01;10:00:00;11:00:00;1592
c52d5f56-1f93-40dd-a167-d60d9a103807;55;Área Sur;2023-12-01;11:00:00;12:00:00;2417
c52d5f56-1f93-40dd-a167-d60d9a103807;55;Área Sur;2023-12-01;12:00:00;13:00:00;2783
c52d5f56-1f93-40dd-a167-d60d9a103807;55;Área Sur;2023-12-01;13:00:00;14:00:00;2824
c52d5f56-1f93-40dd-a167-d60d9a103807;55;Área Sur;2023-12-01;14:00:00;15:00:00;2630
c52d5f56-1f93-40dd-a167-d60d9a103807;55;Área Sur;2023-12-01;15:00:00;16:00:00;2576
c52d5f56-1f93-40dd-a167-d60d9a103807;55;Área Sur;2023-12-01;16:00:00;17:00:00;2955
c52d5f56-1f93-40dd-a167-d60d9a103807;55;Área Sur;2023-12-01;17:00:00;18:00:00;3042
c52d5f56-1f93-40dd-a167-d60d9a103807;55;Área Sur;2023-12-01;18:00:00;19:00:00;4065
c52d5f56-1f93-40dd-a167-d60d9a103807;55;Área Sur;2023-12-01;19:00:00;20:00:00;4652
c52d5f56-1f93-40dd-a167-d60d9a103807;55;Área Sur;2023-12-01;20:00:00;21:00:00;4190
c52d5f56-1f93-40dd-a167-d60d9a103807;55;Área Sur;2023-12-01;21:00:00;22:00:00;2970
c52d5f56-1f93-40dd-a167-d60d9a103807;55;Área Sur;2023-12-02;10:00:00;11:00:00;1190
c52d5f56-1f93-40dd-a167-d60d9a103807;55;Área Sur;2023-12-02;11:00:00;12:00:00;2762
c52d5f56-1f93-40dd-a167-d60d9a103807;55;Área Sur;2023-12-02;12:00:00;13:00:00;4338
c52d5f56-1f93-40dd-a167-d60d9a103807;55;Área Sur;2023-12-02;13:00:00;14:00:00;5135
c52d5f56-1f93-40dd-a167-d60d9a103807;55;Área Sur;2023-12-02;14:00:00;15:00:00;5324
c52d5f56-1f93-40dd-a167-d60d9a103807;55;Área Sur;2023-12-02;15:00:00;16:00:00;5430
c52d5f56-1f93-40dd-a167-d60d9a103807;55;Área Sur;2023-12-02;16:00:00;17:00:00;5751
c52d5f56-1f93-40dd-a167-d60d9a103807;55;Área Sur;2023-12-02;17:00:00;18:00:00;6044
c52d5f56-1f93-40dd-a167-d60d9a103807;55;Área Sur;2023-12-02;18:00:00;19:00:00;6335
c52d5f56-1f93-40dd-a167-d60d9a103807;55;Área Sur;2023-12-02;19:00:00;20:00:00;5548
c52d5f56-1f93-40dd-a167-d60d9a103807;55;Área Sur;2023-12-02;20:00:00;21:00:00;5097
c52d5f56-1f93-40dd-a167-d60d9a103807;55;Área Sur;2023-12-02;21:00:00;22:00:00;3502
c52d5f56-1f93-40dd-a167-d60d9a103807;55;Área Sur;2023-12-03;10:00:00;11:00:00;0
c52d5f56-1f93-40dd-a167-d60d9a103807;55;Área Sur;2023-12-03;11:00:00;12:00:00;0
c52d5f56-1f93-40dd-a167-d60d9a103807;55;Área Sur;2023-12-03;12:00:00;13:00:00;0
c52d5f56-1f93-40dd-a167-d60d9a103807;55;Área Sur;2023-12-03;13:00:00;14:00:00;0
c52d5f56-1f93-40dd-a167-d60d9a103807;55;Área Sur;2023-12-03;14:00:00;15:00:00;0
c52d5f56-1f93-40dd-a167-d60d9a103807;55;Área Sur;2023-12-03;15:00:00;16:00:00;0
c52d5f56-1f93-40dd-a167-d60d9a103807;55;Área Sur;2023-12-03;16:00:00;17:00:00;0
c52d5f56-1f93-40dd-a167-d60d9a103807;55;Área Sur;2023-12-03;17:00:00;18:00:00;0
c52d5f56-1f93-40dd-a167-d60d9a103807;55;Área Sur;2023-12-03;18:00:00;19:00:00;0
c52d5f56-1f93-40dd-a167-d60d9a103807;55;Área Sur;2023-12-03;19:00:00;20:00:00;0
c52d5f56-1f93-40dd-a167-d60d9a103807;55;Área Sur;2023-12-03;20:00:00;21:00:00;0
c52d5f56-1f93-40dd-a167-d60d9a103807;55;Área Sur;2023-12-03;21:00:00;22:00:00;0
